276
276
1100
757
430
383
453
511
395
395
316
239
16
16
419
433
2611
436
475
49
16
475
434
434
293
293
172
266
172
279
918
146
832
150
438
835
137
142
69
455
425
111
132
141
439
685
875
400
434
400
329
582
336
464
54
464
336
743
6642
366
732
396
397
744
654
627
825
706
608
705
825
571
696
527
651
754
696
599
639
1661
1661
418
572
494
511
498
0
217
446
564
54
573
557
511
507
518
509
525
531
3575
242
201
216
158
153
172
181
70
207
189
197
155
236
234
214
187
179
136
188
189
211
158
260
223
212
204
287
184
217
3821
184
512
505
512
515
500
518
149
508
510
520
0
225
679
946
446
429
113
440
410
241
663
189
222
96
812
58
206
75
127
116
126
69
112
128
80
99
136
79
73
71
166
174
127
129
132
76
74
77
143
78
86
76
126
75
180
121
129
127
103
206
142
175
505
206
103
206
201
342
93
58
464
440
135
174
539
187
558
206
587
215
197
212
205
194
205
504
550
197
202
193
552
1069
220
286
502
199
235
218
230
556
547
555
210
203
217
225
220
208
221
169
198
235
226
211
198
208
188
210
211
215
269
204
218
217
226
238
220
215
138
563
559
566
237
262
231
228
201
239
544
239
190
209
547
211
194
215
229
178
209
373
238
218
216
172
210
202
233
221
100
100
100
100
100
100
100
217
552
234
220
195
311
278
238
222
211
280
206
196
198
205
535
559
256
170
205
212
190
226
140
222
184
265
201
183
93
185
199
93
93
103
101
285
183
197
200
247
273
223
230
231
168
215
156
292
198
202
180
213
173
226
191
174
155
283
145
148
164
211
221
196
180
212
97
97
97
96
299
266
184
404
224
195
186
416
198
496
399
151
151
161
183
141
155
166
244
170
235
200
551
527
560
536
189
173
97
97
95
97
97
97
134
174
105
105
105
105
105
105
105
105
105
105
105
488
197
324
208
308
222
228
253
185
170
238
182
265
181
196
214
236
162
190
216
265
187
194
225
230
234
214
210
188
223
181
199
276
235
278
872
396
343
201
237
209
198
530
498
205
246
230
200
200
202
216
178
208
226
154
230
214
207
233
525
349
235
196
336
317
295
285
1021
307
321
250
192
199
233
211
300
299
125
1054
30
61
41
311
292
37
362
61
473
41
199
443
397
91
166
159
159
159
159
196
129
128
128
118
135
128
128
122
128
128
128
128
128
194
186
184
137
128
128
128
126
164
128
128
128
128
128
128
128
128
128
128
132
125
134
127
162
177
130
123
167
164
136
127
136
127
136
128
128
125
137
128
126
128
128
128
179
168
132
132
132
167
161
127
123
126
148
168
128
184
137
128
128
128
128
128
128
128
128
128
196
128
128
128
128
128
128
167
128
128
136
142
125
186
158
189
178
140
128
126
134
125
130
126
164
166
119
127
123
131
176
124
128
128
128
128
128
165
173
169
128
187
192
169
128
128
128
128
128
172
169
128
128
128
128
174
204
169
128
128
128
128
128
128
128
128
128
128
128
128
128
128
128
128
128
128
128
128
128
128
128
128
128
128
128
164
154
128
128
128
128
128
128
162
135
126
128
128
128
134
125
128
128
128
128
128
128
129
118
129
118
169
175
128
128
128
128
128
128
188
206
164
128
128
128
128
128
202
134
125
173
175
128
128
128
128
192
188
206
128
128
128
128
218
199
206
128
128
128
128
128
128
195
176
168
161
161
168
161
166
174
130
127
130
127
132
123
135
128
128
128
128
128
121
128
136
122
128
128
128
128
128
128
134
122
136
128
128
128
128
128
128
122
174
140
128
128
128
128
128
130
128
138
131
138
128
128
128
128
128
128
126
140
127
132
124
128
128
123
130
132
125
138
125
138
138
125
132
125
130
124
130
138
138
133
125
123
129
123
123
134
121
163
170
136
128
128
128
128
128
128
122
136
128
128
128
128
128
128
128
128
128
128
128
128
122
185
139
128
128
128
137
128
128
128
128
124
137
124
128
128
128
128
128
128
140
132
128
128
128
128
128
128
128
128
128
128
128
128
128
128
128
128
128
128
128
170
161
161
172
197
144
135
130
125
141
136
123
130
124
128
123
132
124
135
128
128
128
128
128
128
128
128
128
136
122
128
128
128
184
138
127
136
127
136
128
128
123
128
128
128
183
134
124
134
132
126
139
136
139
126
128
130
123
132
125
132
138
136
136
117
136
142
142
154
131
152
150
143
144
144
142
142
146
144
132
128
123
126
126
123
126
124
124
122
128
132
134
125
132
125
130
125
130
123
128
126
130
123
119
121
121
121
119
121
123
120
123
125
121
132
134
136
128
132
127
138
130
127
132
128
125
132
130
134
138
140
129
140
125
136
126
156
149
127
125
125
123
125
125
122
125
127
124
122
123
123
126
131
145
144
143
143
127
152
148
140
142
129
125
125
123
131
126
125
132
125
134
125
181
136
122
128
128
128
128
128
128
128
128
128
128
128
152
128
128
128
128
128
128
138
125
128
128
128
128
128
136
122
128
128
128
128
128
128
177
175
189
138
142
128
128
128
139
128
128
139
142
128
128
128
128
128
128
140
130
128
128
128
128
128
194
139
128
128
128
128
128
128
144
138
143
128
128
128
128
128
128
177
161
161
165
134
122
128
128
128
128
128
128
134
128
128
128
122
176
134
128
128
121
133
128
128
128
128
128
121
128
181
135
128
128
128
128
128
128
125
128
128
128
128
128
128
128
128
128
128
128
128
134
128
128
128
128
128
122
135
128
128
128
128
128
124
169
134
122
128
128
128
128
128
128
128
128
128
128
128
180
129
121
128
128
128
128
128
128
129
120
128
128
128
128
128
128
135
124
178
136
127
128
128
128
128
128
128
128
128
128
128
128
136
128
126
171
135
135
120
135
120
136
120
128
128
138
128
128
128
128
128
128
128
128
128
128
128
128
128
120
173
187
170
161
168
173
138
128
128
128
126
140
127
138
128
128
128
128
128
126
205
144
123
144
129
144
129
128
118
128
128
128
128
139
128
144
129
148
129
142
134
128
144
135
139
119
142
128
128
128
128
128
134
138
128
128
128
128
128
128
127
139
128
128
128
128
128
138
128
144
135
142
128
216
139
128
128
132
127
138
128
128
128
128
128
128
127
128
128
121
119
138
128
128
126
128
118
128
128
128
128
131
136
128
131
118
133
122
139
128
128
128
128
128
193
140
130
128
128
128
128
139
123
142
131
121
144
133
127
144
142
140
128
148
127
129
125
127
127
129
131
134
124
130
122
128
128
128
128
140
130
128
128
134
128
128
124
148
125
146
131
130
122
128
128
128
128
128
134
129
137
130
207
139
128
128
128
128
128
132
128
128
128
128
128
126
128
138
128
128
128
128
128
128
126
205
145
128
128
138
126
128
128
128
139
126
128
128
128
137
124
128
128
128
128
128
128
128
128
137
127
128
143
128
138
126
138
125
138
128
140
127
158
176
131
138
125
161
190
138
128
128
128
128
128
128
127
128
128
128
128
244
160
177
170
170
170
170
179
174
174
152
179
172
172
172
172
181
176
176
176
183
176
176
176
176
181
174
174
181
174
176
176
176
176
176
156
128
128
128
149
138
123
155
148
193
157
177
170
170
170
170
179
142
171
147
152
128
128
143
150
144
160
159
179
137
144
172
200
161
168
161
161
161
161
161
168
177
148
136
128
128
122
148
139
179
172
172
172
172
181
176
147
135
177
170
170
170
170
179
174
136
123
137
123
137
122
136
122
137
134
136
123
128
128
137
128
128
128
128
128
156
149
162
153
136
163
155
152
166
136
123
148
173
142
135
128
128
140
124
158
151
128
128
128
136
122
134
123
132
125
164
153
138
128
134
124
144
129
141
128
128
128
128
138
126
150
132
140
134
138
128
128
128
128
128
128
128
134
122
154
135
147
132
130
119
128
118
133
122
119
133
122
142
128
138
127
138
127
196
128
128
128
128
128
128
128
128
128
128
128
128
128
128
143
138
135
124
128
128
136
122
128
128
128
137
128
128
124
128
128
128
138
125
128
128
128
128
128
128
137
128
128
124
136
128
128
128
128
128
122
134
128
128
128
128
128
128
124
131
128
128
128
128
128
128
124
128
128
128
128
119
128
129
120
128
128
129
120
129
128
128
128
128
128
120
128
135
124
128
128
128
135
124
128
134
128
128
122
134
123
128
128
128
136
128
126
134
128
128
128
128
128
122
134
125
128
128
128
128
128
128
128
128
128
128
128
128
128
142
151
128
128
128
128
128
128
128
139
147
128
128
128
128
128
128
128
136
128
128
128
136
128
128
128
128
128
128
128
141
129
139
135
128
128
128
128
128
124
139
128
128
128
128
128
128
128
128
128
128
128
128
128
128
140
130
137
124
136
123
128
128
128
128
128
128
128
128
128
128
137
124
128
128
128
128
128
128
138
126
128
128
138
126
128
128
128
137
130
137
128
128
128
128
124
128
128
140
128
128
128
128
128
128
129
128
134
124
138
125
132
125
174
190
149
167
128
128
136
128
128
123
132
125
137
124
139
126
130
123
134
122
189
128
128
232
128
128
128
128
128
128
128
128
119
137
124
136
123
128
128
128
128
128
128
136
122
137
124
128
136
122
128
128
128
128
128
128
137
124
136
123
128
128
128
128
128
135
120
128
128
128
128
128
138
128
128
128
128
126
138
128
128
128
128
128
128
126
126
123
136
128
122
128
128
128
128
128
128
137
128
128
128
128
128
128
128
128
128
128
128
128
128
128
128
128
128
128
128
128
128
128
128
128
128
128
128
128
125
136
126
134
123
193
128
128
128
184
128
128
206
195
200
179
143
123
183
174
161
138
128
128
128
128
126
187
122
134
127
219
128
207
214
199
137
128
128
128
128
128
124
214
199
203
186
206
190
185
162
171
195
128
128
128
168
196
128
128
128
175
177
128
128
128
175
182
218
200
175
186
128
213
199
189
181
163
162
204
192
135
122
128
128
128
128
128
129
118
139
130
135
122
128
128
128
168
128
128
157
128
128
128
128
135
128
128
128
123
128
128
163
173
128
128
131
123
129
118
126
123
129
118
191
181
128
119
135
122
162
177
122
124
132
123
180
177
176
214
170
161
162
157
128
128
128
126
124
178
178
431
126
208
156
366
1553
786
793
499
1337
571
1337
0
628
394
628
634
74
209
518
524
515
149
333
250
185
14
24
537
280
529
1112
133
133
52
72
4
133
1372
1123
1115
911
567
759
522
285
93
590
1728
439
650
593
2628
262
214
298
281
712
832
594
832
596
598
575
657
613
1043
740
573
592
780
608
759
588
588
569
1378
565
825
1038
767
730
830
1248
1181
196
1351
939
656
450
548
675
1085
562
907
744
838
1445
572
659
861
609
588
741
559
550
730
571
544
578
585
1129
525
520
50
552
564
983
577
560
656
542
529
514
104
513
505
513
519
497
505
0
542
513
511
210
221
2427
20
554
723
590
874
562
1118
594
579
567
663
831
621
1041
589
921
605
160
551
1061
592
1201
948
931
550
594
574
625
1175
1255
799
1218
578
945
595
1050
741
578
693
973
585
807
750
268
157
141
157
133
90
61
75
183
2897
913
92
278
175
480
119
255
52
159
167
94
51
101
90
172
2113
210
102
644
987
20
30
199
1081
1125
2336
459
463
141
145
223
144
18
29
348
149
157
152
309
253
151
183
227
154
538
8471
193
39818
739
3444
746
166173
575
17320
162
6309
343
2957
36199
41520
10275
14457
1428
778
625
1299
666
362
695
495
617
692
429
447
612
708
708
615
600
190
600
708
600
600
615
600
708
600
615
600
600
600
600
615
600
615
600
708
757
708
648
600
600
708
708
708
600
600
600
708
648
600
708
648
600
600
648
600
648
708
708
708
648
708
648
600
648
600
600
708
708
708
600
600
648
600
708
600
708
648
600
600
600
648
708
648
708
648
708
648
708
600
648
600
648
708
708
600
600
708
708
600
600
708
648
600
648
600
708
648
600
648
708
600
600
708
600
600
708
648
600
708
600
708
648
600
708
648
648
648
648
648
708
708
600
600
600
708
708
648
600
600
648
708
600
600
708
600
600
708
648
600
600
600
600
648
708
648
708
648
648
708
648
708
648
708
648
600
708
708
708
720
600
600
600
663
600
708
708
708
708
663
708
663
600
600
600
663
708
708
811
600
600
663
600
663
600
708
708
600
600
663
708
600
600
663
708
600
663
708
600
663
708
600
600
663
600
600
663
600
708
600
663
708
600
600
708
663
708
663
663
708
663
708
708
663
663
708
600
600
708
663
708
663
663
708
708
600
600
663
708
600
663
708
600
600
663
708
600
663
600
663
708
708
708
663
600
600
600
708
708
600
600
802
972
753
708
600
600
708
600
663
708
600
708
600
600
600
663
708
600
600
708
600
600
708
600
708
663
600
600
708
600
663
600
600
600
600
708
663
708
663
708
663
663
708
663
663
708
663
708
663
663
663
663
708
708
663
663
663
600
600
753
663
753
663
663
708
682
594
1045
620
511
539
643
595
602
520
643
661
611
729
587
419
609
705
705
808
808
597
597
597
705
705
705
612
705
612
597
597
597
612
705
597
597
705
612
597
612
705
597
597
612
597
612
597
705
705
612
705
612
705
726
612
597
597
597
705
612
597
597
612
597
597
612
705
612
705
705
612
705
705
612
597
726
597
612
726
597
726
609
726
612
612
612
602
827
696
696
696
745
638
594
594
594
745
638
745
638
594
594
696
743
841
848
60
806
818
594
594
686
594
696
708
696
686
686
696
743
671
696
696
594
594
594
696
671
696
671
594
594
696
671
594
696
594
594
671
594
696
671
696
696
671
671
696
671
671
696
594
594
594
696
671
594
671
594
594
594
671
594
594
671
594
696
696
696
671
594
594
594
671
594
594
696
594
671
696
671
671
696
696
671
696
594
594
696
594
594
696
671
594
696
671
594
671
696
696
671
671
671
696
696
671
594
594
696
594
594
671
594
594
594
671
594
671
594
671
594
671
696
696
671
696
594
594
696
594
671
594
594
594
594
594
594
696
696
594
594
671
696
594
594
671
594
594
696
671
594
671
696
594
594
594
696
671
594
671
594
696
671
594
594
671
696
671
696
696
671
696
671
696
671
696
696
671
594
671
696
594
594
594
671
696
696
671
696
671
671
671
671
696
671
671
696
696
671
671
696
696
671
594
671
594
594
696
671
594
594
671
696
594
696
671
671
696
696
671
696
671
696
594
594
696
671
594
594
696
671
696
671
594
696
671
696
696
671
696
671
696
696
671
696
671
696
671
594
594
671
594
671
594
696
671
696
696
594
696
671
671
696
671
696
696
671
671
696
696
696
671
594
671
696
594
671
696
594
671
696
696
671
671
594
594
696
594
671
696
594
671
594
671
594
671
594
696
671
696
696
696
671
594
594
708
671
671
594
594
696
594
686
696
686
594
708
594
594
594
708
686
708
686
708
686
686
742
727
696
742
727
594
594
594
727
696
594
727
696
594
696
727
594
594
727
696
727
696
696
727
594
859
696
748
594
594
884
594
620
923
741
740
621
594
740
594
594
963
740
963
740
963
740
594
740
594
923
740
594
923
594
594
923
741
741
923
923
963
963
594
594
963
594
594
963
696
792
594
594
792
594
792
594
792
1020
607
1020
607
1020
607
594
696
792
1020
607
696
747
806
655
806
1046
688
594
1046
688
806
594
806
1046
688
594
1046
688
806
594
1021
640
806
594
806
1021
640
1046
688
594
594
1046
688
594
594
1046
688
696
744
594
594
594
1045
729
696
744
1045
729
859
725
1014
886
384
594
594
1014
886
725
594
594
1014
886
594
725
1014
886
594
725
696
594
594
1014
886
594
1014
886
696
594
1017
524
925
744
696
623
696
1014
886
594
696
1014
886
725
1014
886
1014
886
1014
886
725
725
1014
886
594
696
1014
886
610
861
696
696
1014
886
594
594
594
696
1014
886
594
1014
886
594
1014
886
696
594
1014
886
696
594
594
594
696
1014
886
594
594
696
594
594
696
594
696
1014
886
1014
886
696
1014
886
1014
886
1014
886
696
1014
886
696
1014
886
696
1014
886
696
696
1014
886
594
594
594
696
1014
886
1014
886
696
311
594
594
1030
842
859
594
1030
842
859
1030
842
594
594
594
594
594
1045
729
696
1045
729
696
1045
729
1045
729
696
696
1045
729
696
1045
729
594
1045
729
744
594
744
1045
729
594
744
1045
729
1045
729
696
594
594
594
696
594
1046
688
594
1046
688
594
744
1046
688
744
1046
688
1046
688
696
696
1046
688
1046
688
696
696
696
594
594
594
1021
640
747
747
1021
640
1021
640
620
1021
640
594
1020
607
594
747
594
747
1020
607
1020
607
747
747
1020
607
594
594
696
594
696
1020
607
594
1020
607
696
594
1020
607
696
594
696
594
1020
607
696
594
1020
607
594
594
594
696
594
696
1020
607
1020
607
696
1020
607
1020
607
696
1020
607
1020
607
594
1020
607
696
1020
607
976
1477
1020
607
696
653
594
792
963
594
963
792
594
594
963
594
963
696
696
963
594
696
963
963
696
696
696
594
741
923
741
884
741
594
748
884
594
884
594
748
884
748
884
741
968
623
594
840
594
840
748
748
748
884
594
594
696
594
594
594
696
594
840
696
594
696
840
594
594
594
859
840
594
859
840
859
840
840
840
840
696
840
696
840
859
840
840
680
594
859
727
727
859
727
594
594
742
727
594
594
742
727
727
742
621
594
594
686
742
686
742
708
686
686
594
686
696
696
594
696
1038
1499
686
189
60
594
696
671
696
671
594
208
594
696
671
617
594
743
638
594
638
594
594
743
638
594
638
594
594
638
696
594
696
638
594
638
696
638
743
743
638
743
671
696
594
745
638
638
594
696
638
696
638
696
696
605
594
594
605
594
605
696
594
696
594
696
605
594
696
594
594
605
594
594
594
696
696
594
594
594
696
605
605
696
594
594
594
605
594
605
696
594
594
605
696
594
594
696
696
605
594
594
594
594
605
594
605
696
696
696
605
605
696
594
605
594
696
605
594
605
696
594
696
594
696
605
594
696
594
594
594
594
594
696
696
605
594
594
696
605
594
696
605
594
696
605
605
696
605
605
696
696
605
605
605
605
696
594
696
605
605
605
605
696
696
605
696
605
696
605
696
602
594
696
605
605
696
696
605
696
605
605
605
696
594
594
605
696
594
696
605
594
605
594
696
594
696
605
605
696
696
605
841
605
594
594
605
594
745
605
745
602
696
696
696
594
594
605
696
594
594
696
605
594
696
605
696
605
594
605
594
696
594
696
594
605
594
696
605
594
605
594
605
594
605
594
696
696
594
594
594
594
594
605
696
594
605
696
594
696
605
594
605
594
605
594
605
717
717
696
605
605
696
605
696
594
605
594
696
605
594
696
605
696
605
717
594
605
696
605
696
696
696
605
605
696
696
605
594
806
190
605
841
594
605
717
605
717
612
597
597
597
597
612
705
597
612
705
597
612
597
612
705
705
705
612
612
705
597
597
612
597
612
705
597
597
612
597
597
705
612
705
612
705
705
612
705
597
597
597
597
705
612
705
612
612
705
612
597
612
705
705
705
612
612
705
612
705
597
612
597
705
612
597
597
705
597
612
705
597
705
612
612
612
705
705
705
597
597
705
612
597
705
597
597
705
597
597
612
705
612
705
612
705
612
612
612
597
597
705
612
597
705
612
597
612
705
597
705
612
612
612
705
597
597
597
705
612
597
612
705
597
705
597
612
597
612
597
612
597
597
705
612
597
609
705
597
705
597
705
612
597
597
705
597
705
597
612
705
597
597
612
705
597
705
612
705
612
612
612
612
612
705
612
705
705
612
705
612
705
612
705
60
612
834
848
597
597
705
705
597
597
645
597
645
705
597
705
597
645
705
597
705
597
705
645
645
645
705
597
645
597
645
597
645
705
705
645
705
645
705
705
597
597
645
705
705
705
705
597
597
597
705
597
597
597
597
645
705
705
645
645
705
705
645
645
705
645
597
645
705
717
597
597
717
660
597
597
597
717
660
606
660
717
597
645
597
597
645
705
597
705
597
645
705
597
705
645
645
645
717
717
660
717
660
597
660
705
705
705
705
705
705
660
597
597
705
597
660
597
705
660
597
705
597
705
660
597
660
705
660
705
660
597
597
597
660
705
705
660
597
597
705
660
597
705
660
597
660
597
660
597
705
597
705
597
597
705
597
705
660
660
660
660
660
705
705
597
660
597
705
705
597
597
660
705
705
705
660
597
597
597
705
705
660
597
597
597
705
597
597
705
660
597
660
597
705
597
597
660
597
705
597
660
705
660
705
660
660
705
660
705
660
705
660
597
705
705
705
597
597
660
597
660
705
597
705
597
705
597
597
660
705
660
705
660
660
705
597
808
705
705
660
597
597
597
660
597
597
660
597
597
597
597
597
705
705
597
597
705
660
597
597
597
660
705
597
660
705
597
597
660
597
597
597
705
660
597
660
705
705
660
705
660
705
660
660
705
660
705
660
660
597
597
660
597
660
705
597
705
660
705
705
660
705
660
660
705
660
705
660
705
705
660
705
660
705
705
660
597
597
597
660
705
660
705
597
660
705
705
660
660
705
660
597
597
660
705
597
660
597
705
660
597
705
660
597
597
705
597
597
597
597
597
705
660
705
660
660
705
705
660
660
660
660
705
705
660
597
705
660
766
705
597
660
705
660
705
660
597
597
705
597
705
660
597
660
705
597
597
660
705
705
660
660
705
660
705
660
597
597
705
660
597
660
597
705
660
597
705
660
597
660
597
705
660
597
597
597
597
705
597
660
705
660
660
705
705
660
660
705
705
597
705
660
597
705
660
597
597
597
597
660
597
660
597
660
597
597
660
705
597
705
660
660
705
705
705
660
705
660
705
660
705
705
808
660
597
705
660
660
705
705
597
705
660
705
660
660
705
705
808
597
597
597
705
597
597
660
597
597
660
705
705
660
705
660
705
660
660
705
660
597
597
597
705
660
597
660
705
597
705
597
705
660
597
705
660
660
705
660
660
597
597
705
597
660
705
597
597
660
705
597
660
705
597
660
705
705
660
660
660
597
597
597
597
597
660
597
660
705
597
660
705
597
660
597
705
660
597
705
660
597
705
660
597
705
660
705
660
705
705
660
660
705
660
850
597
660
705
705
660
597
645
705
645
705
825
597
597
645
597
705
645
597
705
645
597
645
705
597
645
597
645
705
705
705
645
597
597
597
645
597
597
705
645
597
705
645
597
597
597
597
645
705
597
597
645
705
645
705
645
705
645
645
705
705
645
705
705
645
645
597
645
705
597
597
645
597
705
645
597
645
705
597
705
597
705
645
645
705
705
645
645
705
597
597
597
597
597
645
705
597
645
597
705
645
705
705
645
705
645
645
705
808
645
597
597
597
645
705
597
705
645
597
645
597
705
645
597
705
645
705
645
705
597
597
705
645
597
645
705
597
705
597
645
705
597
597
597
597
597
705
645
705
645
645
705
645
705
645
645
597
705
645
705
705
645
705
645
705
705
705
597
597
597
705
645
597
597
705
645
597
597
705
645
597
645
645
705
705
645
645
705
597
645
705
597
645
597
705
645
597
645
705
597
597
705
645
705
645
705
645
752
705
597
597
612
752
597
597
612
597
597
612
752
752
612
752
752
612
597
612
597
705
597
612
705
612
705
612
645
597
597
705
597
645
705
597
645
705
645
597
645
597
705
645
624
645
752
705
850
645
705
321
612
597
597
705
612
597
612
597
597
597
612
705
597
597
705
597
612
705
597
705
612
612
612
705
705
612
612
705
705
612
597
705
705
597
609
808
560
606
621
859
594
859
1045
729
693
594
859
594
1030
842
859
1030
842
393
904
737
600
600
721
600
737
721
600
737
721
600
737
721
600
721
620
721
737
737
737
600
721
600
600
708
721
721
708
708
708
721
600
600
708
721
600
721
708
600
708
721
721
600
600
695
600
753
600
695
753
695
753
628
695
753
695
836
721
708
708
600
600
708
721
600
721
600
721
708
600
708
721
600
708
600
600
721
600
721
600
708
721
600
721
708
600
600
600
708
721
721
708
721
708
708
721
708
721
708
721
708
600
600
708
721
600
721
708
600
708
663
663
708
600
600
600
663
600
663
600
663
600
663
600
663
600
708
600
663
708
663
708
708
708
708
663
708
663
708
663
708
600
663
708
663
708
663
708
663
708
663
663
600
600
600
708
663
600
708
600
708
600
708
663
663
663
663
708
663
600
663
708
708
708
600
708
663
811
1599
663
708
708
600
600
663
600
663
708
600
708
663
600
663
600
708
600
708
663
600
600
663
600
708
600
708
663
663
708
663
663
708
708
663
600
663
708
708
663
600
600
708
663
600
600
663
708
600
663
708
600
663
708
663
708
663
708
708
600
600
708
600
600
708
600
600
663
600
663
708
708
663
708
663
663
708
663
663
600
600
708
663
600
600
663
708
600
663
600
663
600
708
663
708
708
708
663
663
600
600
708
663
600
663
708
600
663
708
600
708
600
600
600
663
600
600
663
708
663
708
708
663
663
708
663
853
663
600
663
708
708
663
708
600
600
600
600
609
720
600
648
720
663
720
663
720
663
663
720
720
663
599
368
663
708
600
600
648
600
648
708
600
708
648
600
648
600
648
600
708
648
708
708
708
648
828
648
600
600
648
600
648
708
600
600
708
648
600
648
600
708
648
600
600
708
600
600
708
600
648
708
648
708
648
648
648
708
708
648
708
600
708
648
648
708
600
708
648
648
708
648
648
708
648
708
811
648
600
648
708
600
648
600
708
648
600
600
708
648
600
648
708
600
648
708
600
600
708
600
600
648
708
708
648
648
648
648
708
708
708
648
600
708
648
708
648
708
853
648
600
600
648
708
600
648
708
600
708
600
600
648
708
600
600
648
600
708
600
708
648
648
708
648
708
648
648
648
600
708
648
648
708
708
648
708
600
600
648
600
600
708
600
648
708
600
648
600
600
600
600
708
600
648
600
708
648
708
648
648
708
648
648
708
708
648
708
648
708
648
648
600
708
648
600
648
600
648
600
708
648
600
648
600
600
648
708
708
648
708
708
708
811
708
523
600
600
648
757
600
623
757
623
600
600
757
615
600
600
615
708
615
615
757
757
648
648
648
757
648
613
638
745
613
600
615
708
615
708
708
615
708
615
708
615
708
615
708
708
615
615
600
615
708
600
708
612
600
600
708
600
615
600
600
600
615
708
708
600
600
708
615
600
615
600
600
615
708
708
615
708
600
615
600
600
600
615
708
600
615
600
600
600
615
600
615
600
615
600
615
708
708
615
600
600
615
708
600
615
708
600
615
600
600
708
615
600
708
600
600
600
615
708
708
708
600
600
615
600
708
600
600
615
708
600
708
600
615
708
615
615
708
615
708
600
708
600
600
600
615
600
615
708
600
708
600
615
600
600
708
729
600
600
729
615
600
729
615
600
729
612
729
615
615
600
708
600
600
708
615
708
615
615
615
615
600
615
708
615
708
615
708
708
615
615
708
615
615
708
837
708
615
600
600
615
600
708
600
708
615
600
708
615
615
708
615
600
615
615
708
615
615
708
708
708
600
615
708
708
708
708
615
615
708
708
708
615
615
708
708
708
615
600
708
615
811
615
708
615
708
615
615
708
708
851
708
708
600
612
851
426
609
609
705
705
705
597
597
705
597
597
597
705
612
597
612
597
705
612
705
705
612
612
705
612
597
597
705
705
597
597
705
612
597
705
612
597
705
597
705
597
612
597
612
597
612
597
597
705
597
612
705
612
612
705
705
705
612
612
597
705
705
808
705
705
705
612
597
597
612
705
705
705
597
597
612
705
597
597
705
612
597
612
597
612
705
597
612
705
705
612
705
597
705
705
705
597
597
612
705
705
597
597
597
705
705
825
606
597
627
717
705
717
627
597
597
717
597
627
717
627
597
597
597
597
627
597
705
627
705
705
627
705
627
705
627
705
627
705
627
705
705
705
627
808
808
627
597
597
627
705
705
597
597
627
705
597
597
705
597
627
705
627
627
705
597
627
597
705
627
597
627
705
597
705
627
597
627
597
627
705
597
597
627
705
705
627
705
597
597
705
627
597
705
627
597
597
597
627
705
597
597
597
627
705
627
705
705
627
705
627
627
705
705
597
597
627
705
597
705
597
627
705
627
597
627
597
627
705
597
597
597
597
597
597
597
627
597
627
597
705
627
597
705
627
597
627
705
597
597
705
627
597
627
705
597
705
627
597
627
597
627
597
705
627
705
705
627
705
705
705
627
627
627
705
705
627
705
627
627
705
705
705
627
627
597
597
597
627
705
597
705
627
597
627
705
627
705
597
627
705
627
705
705
627
705
705
597
597
597
705
705
627
597
597
597
705
705
808
705
705
627
597
597
705
597
705
627
597
627
705
597
627
597
705
627
597
627
705
597
597
627
597
627
705
705
597
597
597
597
705
597
627
705
597
597
627
705
627
705
627
627
705
627
705
627
597
627
597
705
627
597
705
627
597
627
705
705
705
627
705
627
705
597
597
705
597
705
627
627
627
597
597
627
705
597
627
597
705
597
705
627
597
627
597
627
597
597
705
597
627
597
627
705
705
627
627
705
705
627
705
627
627
597
705
627
627
705
597
627
597
597
597
597
705
627
597
597
597
597
627
597
627
705
705
705
627
627
627
705
705
627
627
705
705
627
705
705
597
705
627
627
705
627
597
597
597
705
627
597
627
597
627
705
705
705
627
705
627
705
627
597
705
627
597
627
705
766
705
705
597
627
705
597
597
597
627
705
597
597
627
597
705
627
597
627
705
705
705
627
705
627
627
597
597
597
705
597
597
597
627
705
597
627
705
705
627
627
705
627
627
705
627
597
597
705
597
597
627
597
705
597
705
597
627
705
627
627
705
627
705
627
597
597
627
597
705
597
597
597
627
705
597
627
705
627
705
627
705
627
705
597
597
705
597
627
705
597
627
705
597
597
627
705
597
705
627
705
627
627
627
597
597
717
627
597
717
612
597
597
612
705
597
597
705
612
597
705
612
597
597
612
705
612
705
612
705
612
717
627
850
705
597
627
705
597
597
597
612
705
597
705
612
597
597
705
597
612
597
597
705
612
597
705
612
597
612
705
612
705
612
612
705
705
612
612
612
597
612
705
705
612
597
612
705
597
612
597
612
597
705
597
597
705
612
597
612
597
612
705
597
612
597
612
705
597
612
705
705
612
705
612
705
705
612
705
597
612
705
597
705
597
705
612
597
612
597
597
612
705
597
705
612
612
705
705
612
612
705
612
597
597
705
612
597
705
612
597
597
612
597
597
612
597
597
612
597
612
597
597
612
705
705
612
705
705
612
705
705
612
705
612
705
808
612
597
705
612
612
705
597
597
705
597
612
597
705
597
597
705
597
612
597
597
597
612
705
597
705
597
705
612
612
612
705
612
705
612
705
612
612
705
612
612
597
612
705
597
705
612
612
597
597
705
612
597
612
705
597
597
597
705
612
597
705
612
597
597
612
597
597
705
612
597
612
597
597
612
705
612
705
705
612
705
705
612
705
612
612
705
597
612
597
597
612
597
705
612
705
705
612
705
705
597
850
612
612
597
597
597
612
597
612
705
597
597
705
612
597
612
705
597
597
612
705
597
597
705
612
597
705
612
612
705
612
705
612
705
705
612
705
612
597
612
705
612
705
612
597
705
612
705
612
612
597
597
597
705
612
597
597
705
612
597
612
597
597
808
834
597
597
612
597
705
705
705
597
597
705
612
597
612
705
597
597
612
705
597
612
705
597
612
705
612
705
597
705
597
597
705
612
597
597
597
612
597
597
597
705
726
612
597
597
612
597
597
705
612
705
612
705
597
597
597
612
726
612
726
612
726
612
597
612
705
705
612
612
705
612
705
705
612
612
705
612
612
705
597
597
705
612
597
612
597
612
705
705
612
705
597
597
705
705
612
597
597
597
705
597
705
612
597
597
597
705
612
597
612
597
597
597
612
597
612
705
705
705
612
612
705
705
612
705
612
612
612
705
597
705
612
597
705
597
597
612
597
612
705
705
612
705
612
597
705
612
612
597
597
705
597
705
612
597
705
597
612
705
612
612
705
612
612
705
612
597
705
612
705
597
612
705
612
609
612
726
705
612
597
705
612
705
612
705
609
705
705
612
705
808
612
705
808
597
642
667
596
578
587
784
649
640
588
683
632
701
885
576
1074
65
367
699
602
678
675
624
805
279
451
166
218
295
33
356
591
618
438
608
619
633
1267
1254
1196
638
635
628
1133
767
500
601
586
643
620
661
1281
970
1015
655
561
1069
730
679
714
610
675
749
558
624
630
691
803
159
115
673
309
327
6
36
156
437
169
264
483
480
303
483
604
362
325
359
501
611
433
2
557
194
213
215
579
205
290
248
257
358
742
80
354
44
33
80
29
160
93
2014
35
168
5
145
12
76
108
72
43
39
37
39
33
10
295
242
34
306
12
18
101
26
34
353
25
12
107
299
475
185
299
293
0
308
870
79
268
1785
3225
100
460
1981
51
25
271
171
22
52
671
1571
84
909
348
348
216
436
34
194
420
501
405
224
296
341
302
286
221
269
388
193
761
275
236
749
854
614
1865
462
558
200
178
166
312
311
451
418
429
974
140
158
1072
386
295
176
168
133
156
175
171
174
173
176
175
131
167
127
132
129
130
127
131
120
132
176
132
270
262
177
131
379
338
363
328
388
186
328
214
206
151
199
148
218
161
354
488
431
406
348
498
466
360
326
400
363
178
134
130
127
282
282
282
282
62
298
298
298
298
298
285
285
285
285
312
312
312
312
312
312
243
243
243
243
243
263
263
263
263
285
285
159
180
130
885
566
175
450
786
405
698
467
209
365
656
266
486
12
618
618
3
129
248
26
170
55
156
529
28
427
291
0
401
514
99
316
143
2718
327
265
143
401
344
366
292
335
292
246
185
449
386
399
340
307
235
418
339
441
382
310
241
379
341
355
311
507
433
476
431
433
367
420
370
390
321
445
390
43
320
246
478
443
124
341
292
361
293
465
414
325
265
406
339
346
321
373
306
338
278
391
319
520
457
247
193
351
310
84
129
2671
452
2357
60
3
7
2
232
261
881
279
112
174
190
103
496
1456
64
53
79
79
11
56
142
520
218
462
217
58
249
423
1879
129
204
0
303
2
3303
1712
497
674
220
833
53
658
347
664
170
377
773
941
184
957
307
656
216
427
489
486
172
199
773
843
634
979
420
370
918
227
279
584
384
354
543
2232
394
1339
420
767
1060
440
577
647
557
1232
1933
561
1866
583
601
720
2897
586
880
879
1063
618
588
1196
1999
1476
589
1507
878
1302
552
634
1738
577
759
577
613
567
579
568
588
1163
970
1204
552
581
597
970
587
818
642
576
546
876
727
567
564
585
604
595
821
1135
553
767
770
1729
568
597
615
998
1146
1008
600
632
1022
718
774
588
1077
719
777
586
832
962
1238
828
664
1100
492
424
922
1143
1435
235
439
978
357
132
3483
401
168
85
67
819
669
478
559
185
419
364
6
198
173
422
626
442
413
514
189
802
1074
1052
623
623
22
913
306
313
2008
744
1030
569
693
813
866
987
564
974
584
632
619
914
203
1565
600
572
1045
834
550
619
565
1119
727
1260
568
591
633
577
1018
601
719
681
592
616
730
532
583
579
572
651
629
281
577
590
614
519
553
550
2529
1040
969
861
664
812
558
604
823
686
832
769
855
775
697
279
402
31
662
1006
183
675
6
131
120
8
457
377
235
583
329
584
1198
570
589
604
600
591
733
656
584
661
696
657
651
702
579
553
985
773
592
582
599
585
620
619
568
614
605
1218
645
826
809
1134
534
649
296
324
638
500
715
577
4035
10054
1980
4035
3155
33
59
908
56
4505
6896
3154
584
572
908
738
828
574
703
620
1440
558
1003
596
735
743
569
863
555
821
678
985
563
1005
561
665
1264
515
1051
576
673
994
884
589
763
587
593
585
592
585
580
641
576
1136
582
568
807
606
596
610
566
1005
697
588
771
562
895
1103
1248
670
663
1000
752
585
534
1073
1085
621
594
601
974
636
682
557
983
599
800
965
580
770
824
605
592
686
559
986
1217
585
562
580
593
1071
606
759
591
580
783
594
595
835
600
577
1803
949
241
2331
410
140
559
52
582
195
589
511
15603
1472
216
750
267
197
660
220
196
252
433
434
207
210
710
590
405
683
477
550
717
886
543
344
206
531
400
667
370
384
331
444
696
603
288
629
73
692
963
502
491
98
18
28
18
88
254
166
179
207
211
210
18
160
202
204
214
18
155
264
265
277
263
1606
267
18
211
166
18
18
166
18
458
295
203
184
245
257
171
208
193
211
157
207
223
193
170
18
171
245
169
201
1548
14999
88
96
18
2266
86
86
279
423
102
2
59
214
938
172
31
41
309
48
7934
483
110
1360
2140
507
699
421
751
366
347
620
208
280
289
212
350
202
237
160
798
321
864
184
430
545
531
392
20
223
187
224
517
254
239
237
405
247
306
614
660
178
681
664
206
434
751
329
947
321
191
228
159
601
165
188
226
264
199
284
198
226
183
231
423
485
896
510
654
805
438
268
487
529
259
350
557
285
410
335
360
639
191
524
197
200
520
678
201
1423
402
632
526
831
598
460
638
271
402
77
232
239
215
207
266
286
254
197
186
208
218
312
214
636
250
179
163
319
317
233
256
290
290
234
540
223
278
221
319
209
272
246
229
217
217
198
298
215
272
403
240
226
181
357
311
319
391
268
390
71
245
159
215
1236
685
1061
888
635
504
3
734
3
2140
651
71
3997
148
2
59
11
224
432
138
1220
779
1335
33
43
36
38
102
65
432
502
45
146
5
278
265
2116
441
2116
37
1772
247
168
271
220
215
153
258
163
666
88
664
85
708
2140
1209
169
87
109
425
308
119
127
112
182
460
48
535
220
423
216
91
715
86
399
185
336
6634
2001
584
182
136
544
722
482
428
7
493
293
276
500
135
185
0
64
0
0
45
1383
5184
1625
752
0
40
61
194
243
4770
120030
563
1626
0
61
43
54
194
58
6096
28
0
31
99
0
0
0
75
164
0
32
106
525
0
0
638
95
0
76
120011
87
2611
122
102
72
236
16433
753
1383
45
48
1383
10598
486
102
0
64
42
0
735
85
58
2105
507
1908
0
95
43
4813
0
762
0
64
356
521
486
201
1067
912
462
634
89
540
51
67
596
52583
962
0
185
3542
537
530
128
826
166
260
254
102
257
237
235
377
184
253
306
492
305
174
148
121
118
176
175
151
123
126
464
152
155
146
383
280
284
274
239
257
278
219
499
325
297
432
285
363
205
249
330
195
361
295
249
281
253
165
237
412
139
285
370
301
3579
416
740
261
791
107
458
2326
441
404
240
38
3
3283
386
119
100
383
518
693
51
291
875
382
941
133
206
334
240
136
324
366
415
130
133
327
136
389
453
184
231
135
326
219
98
1606
73
659
276
837
283
417
268
617
197
150
222
316
136
203
417
593
419
381
414
525
365
489
318
181
557
1917
221
191
428
1020
415
328
242
276
89
210
89
339
89
1417
580
154
155
790
109
2115
200
2427
89
224
73
104
278
286
315
314
451
112
415
65
849
134
137
454
801
61
682
271
464
464
390
464
817
145
17
21
9
24
132
58
159
74
2912
66
43
81
59
1033
12
36
277
217
52
1293
36
454
618
1682
618
36
627
16
535
258
137
757
752
513
616
555
237
1182
91
91
61
45
346
481
322
434
223
313
441
444
368
207
356
819
693
564
179
492
265
392
47
763
558
259
534
127
520
304
1494
392
157
328
473
504
696
417
522
527
580
845
183
183
2146
0
0
0
0
359
0
0
41
100
0
0
3997
1133
85
27
99
67
1481
2241
99
80
741
363
273
67
1106
335
39
72
36
53
67
328
2122
215
76
76
207
408
220
174
213
532
249
161
168
159
167
3290
33
50
189
345
169
231
183
2157
175
184
72
95
931
580
1252
95
4815
1077
26
21890
37
96
441
594
539
805
157
593
108
2445
2970
367
1837
543
850
359
583
364
2733
997
88
254
1233
915
384913
2819
1579
355
441
3781
596
1280
35
348
348
261
1682
2470
441
1389
528
1624
1720
355
3
153
944
43
870
396
372
348
3
82
1068
930
465
712
104
1106
547
91
571
928
216
991
929
421
244
395
959
1450
291
279
3
226
222
1494
55
895
1537
374
367
464
464
464
464
18
464
1537
371
539
817
528
546
4709
2810
464
539
1219
466
793
861
211
112
2102
1452
1053
1173
167
544
364
731
314
1019
1129
734
90
371
812
1534
451
2
406
482
466
1261
133
609
338
380
378
307
735
1114
107
151
1845
303
303
638
173
7129
1133
718
504
1168
1797
748
242
108
84
476
2192
3506
121
165
212
133
16
26
128
126
195
242
155
715
131
65
51
480
242
128
51
128
67
226
167
176
57
402
43
2449
38
312
112
69
551
49
112
160
118
248
51
119
70
31
238
211
364
494
107
144
304
225
393
176
240
323
486
116
246
230
246
471
10896
34
37
39
48
32
170
200
3220
964
1126
261
287
98
299
170
208
34
352
225
626
515
301
547
564
542
545
447
109
561
32
439
574
810
281
239
1312
304
1005
468
40
198
171
564
282
1022
484
1145
1558
737
552
286
579
470
301
450
380
542
467
368
209
464
399
560
690
719
508
249
163
221
225
572
511
164
102
66
53
171
123
72
72
1215
43
265
42
513
299
508
649
45
699
759
656
478
516
499
713
626
157
167
31
1424
813
32
32
288
1209
903
781
633
495
529
26
26
1752
564
31
359
228
6358
663
249
142
7420
222
802
485
222
269
1292
190
1045
151
757
1484
267
836
33
26
721
170
46
116
528
1192
131
634
355
1239
714
30
871
496
490
28
869
961
421
50
728
351
200
559
864
187
380
743
422
719
505
718
1969
766
323
1073
767
431
1544
895
395
1685
657
828
514
219
1087
769
39
567
1475
1022
31
807
116
43
259
225
461
1409
334
167
284
76
28
257
101
178
1157
664
225
814
950
1449
766
78
26
659
800
730
115
542
26
32
2004
33
35
52
32
51
32
31
31
31
33
341
31
512
1059
31
33
39
31
33
33
35
38
513
109
71
41
27
32
33
33
33
27
33
27
35
66
66
69
201
237
78
47
1312
30
33
92
18044
33
34
32
27
32
24
325
146
779
35
57
57
33
78
22
198
267
32
35
39
33
213
22
44
239
27
375
33
68
35
170
662
136
609
52
43
41
35
99
102
54
37
153
29
33
39
672
35
816
35
99
40
35
30
49
39
531
27
31
31
48
166
87
87
964
691
270
170
382
325
2398
0
160
190
67
104
448
349
142
2549
2985
16
590
518
441
142
148
218
2192
200
178
348
473
347
282
858
86
140
124
299
1017
313
284
263
218
1815
0
6
27
30
150
100
171
717
140
46
2439
427
849
3588
58
471
471
653
157
136
167
136
162
140
216
177
351
184
164
150
148
157
122
145
130
132
124
158
145
122
126
166
126
119
121
135
170
55
127
332
342
6
148
140
140
196
189
222
265
218
0
114
8
1753
0
191
853
152
0
157
6
408
0
64
294
53
159
177
185
185
163
410
146
156
143
457
147
163
756
225
174
403
482
70
225
948
100
265
257
490
260
762
106
181
215
404
304
145
240
395
104
436
136
455
467
99
97
99
99
325
100
457
107
105
333
100
100
231
205
775
200
299
236
283
256
253
435
98
96
98
380
101
101
245
259
105
196
246
672
141
104
409
103
230
221
390
168
355
367
263
470
105
106
217
249
274
323
315
225
266
346
233
209
302
190
328
185
280
309
278
261
341
249
263
171
234
473
222
291
529
428
223
394
194
366
278
235
253
336
302
227
198
183
293
414
195
129
166
226
194
370
268
791
252
363
206
189
185
365
380
279
209
219
142
158
316
323
170
246
277
353
370
1124
163
527
442
236
114
279
178
141
136
201
221
234
319
333
207
287
350
705
164
325
641
224
236
292
398
327
258
297
211
255
251
219
261
266
119
280
204
351
407
219
371
262
196
336
317
695
255
176
164
273
160
163
220
147
169
230
206
302
305
406
306
173
222
177
184
251
214
190
229
342
234
146
144
268
237
141
468
220
177
214
274
184
268
274
275
303
185
181
194
215
359
322
325
194
197
189
323
291
234
225
179
131
190
147
555
182
370
436
319
441
369
239
252
244
347
123
225
184
213
296
267
167
133
316
202
222
194
144
233
193
209
253
249
142
190
122
400
224
195
284
284
234
215
211
271
134
192
380
218
153
184
197
177
384
186
207
265
146
165
238
234
240
352
192
266
216
204
176
228
292
180
164
297
204
185
286
160
195
729
315
201
202
311
187
185
170
154
410
208
161
117
204
285
304
256
227
139
124
295
132
138
324
138
212
319
130
830
536
206
170
157
221
232
638
188
155
126
157
189
163
196
174
149
117
234
149
214
175
191
239
237
339
168
178
175
158
244
177
196
208
347
227
227
383
273
198
194
198
242
233
130
146
237
229
167
258
288
297
195
209
169
314
315
226
189
344
218
294
173
178
410
193
159
221
148
191
194
174
218
231
216
500
291
219
162
353
289
183
316
238
433
349
175
263
154
145
169
238
505
211
267
182
939
329
118
341
175
435
127
190
184
203
190
274
267
206
184
175
880
173
204
467
294
358
273
269
133
157
260
264
177
303
232
370
177
194
295
296
230
390
415
147
148
260
117
230
255
255
129
182
801
401
342
158
218
206
325
169
203
222
203
318
215
510
253
216
515
375
1211
247
214
232
220
208
306
188
242
219
228
271
176
222
164
198
134
885
517
308
299
127
174
397
195
198
140
345
215
361
125
227
210
503
172
223
279
234
250
181
170
210
754
566
173
150
315
195
223
233
265
549
159
188
582
149
314
389
309
204
232
367
194
376
360
237
171
188
307
277
214
316
336
212
189
415
457
176
143
240
260
396
203
346
155
278
272
269
313
286
152
178
536
315
286
193
201
244
124
430
152
127
135
320
208
351
792
498
294
409
461
189
266
162
409
204
310
161
129
127
423
296
327
444
192
436
174
202
138
291
309
198
153
236
310
419
133
126
266
115
266
265
135
496
2896
292
326
172
249
232
528
418
218
279
284
311
309
323
284
461
139
110
223
385
141
178
265
334
125
151
152
229
221
118
393
340
148
506
340
159
190
228
206
161
248
230
237
223
294
177
110
174
419
212
159
163
583
125
105
377
113
165
170
103
274
251
280
409
208
219
140
168
188
210
109
629
662
718
294
298
174
207
239
237
195
286
176
156
232
217
386
291
228
152
265
233
136
470
119
187
351
140
161
188
373
227
338
157
454
444
225
213
252
148
165
149
295
399
140
109
185
194
589
281
128
116
155
100
270
321
285
183
140
250
169
192
208
360
231
130
114
111
276
542
177
138
380
143
2241
316
472
247
212
129
417
311
369
223
191
209
127
234
243
279
240
170
103
592
225
156
160
107
343
442
409
162
419
233
166
221
295
197
196
295
120
220
132
208
227
207
114
655
333
295
251
260
221
227
164
125
398
295
147
445
162
200
222
240
235
178
180
155
140
226
112
383
68
68
68
383
114
144
164
211
316
612
184
167
230
209
297
229
400
156
141
215
201
152
219
222
219
222
229
232
231
219
221
228
222
233
227
224
434
206
221
283
427
136
112
187
274
330
212
173
248
330
210
193
173
404
502
258
256
786
312
277
403
435
175
154
180
218
261
151
412
219
217
108
6557
319
251
106
354
140
261
371
507
242
164
180
274
131
300
407
187
176
133
220
189
311
255
222
177
155
579
609
277
321
118
225
217
212
431
269
245
213
425
222
428
387
176
328
438
342
195
169
951
151
434
223
225
105
290
193
160
163
233
207
246
176
150
317
290
103
172
322
106
106
106
99
105
105
105
106
248
231
249
240
234
238
236
238
242
244
242
228
245
225
243
242
247
233
241
244
253
132
238
239
251
353
297
275
309
315
873
257
332
243
383
395
325
312
219
216
216
373
363
406
287
159
174
330
110
343
263
104
110
108
327
370
139
175
288
446
402
261
192
230
117
150
191
106
104
358
146
454
106
108
108
106
225
303
588
382
108
108
108
140
98
98
294
111
218
343
113
316
101
209
95
95
101
101
109
109
233
253
249
243
241
245
239
240
257
256
247
221
242
241
155
347
101
99
101
341
106
104
107
105
178
327
104
98
100
99
132
356
104
252
108
252
97
99
173
365
110
286
104
231
175
135
379
105
537
101
103
105
689
105
238
334
141
105
103
139
98
247
106
108
134
145
103
104
104
239
239
242
245
236
249
243
274
247
249
244
254
243
249
250
249
232
243
230
251
251
249
242
253
240
253
246
246
253
255
254
240
254
238
257
259
243
253
250
257
251
255
254
242
246
231
218
249
244
239
242
224
241
245
234
240
243
254
248
146
667
495
473
400
410
103
103
490
101
105
101
103
103
334
414
134
103
387
103
432
300
105
107
1279
246
242
104
454
102
290
503
114
173
157
257
169
101
101
771
106
108
101
101
100
102
138
100
617
101
126
99
135
1363
129
104
102
136
687
129
253
258
250
238
248
258
253
237
238
245
251
233
253
238
245
242
238
247
243
247
245
241
248
228
239
246
237
238
242
251
251
260
256
271
250
239
243
246
243
255
254
262
255
243
242
246
251
239
242
234
241
248
248
229
225
242
238
225
217
247
237
252
246
251
139
282
238
258
237
241
235
237
246
252
267
249
235
239
252
233
170
241
258
265
237
235
242
234
234
239
226
231
232
232
241
244
240
249
231
247
249
232
232
245
252
240
235
230
235
238
233
248
245
244
258
248
232
241
231
234
242
246
240
246
224
242
234
243
242
238
264
241
239
243
234
235
250
256
237
238
225
217
227
232
225
233
229
227
221
236
236
224
228
219
226
236
222
232
234
236
226
229
215
247
221
242
226
255
587
104
104
102
104
104
105
317
225
248
262
251
245
243
249
240
242
233
242
247
233
275
244
248
253
255
248
247
243
241
254
241
249
241
227
234
249
247
246
237
242
255
250
237
235
231
241
245
234
237
259
214
244
239
231
226
238
245
251
257
225
240
241
252
240
246
251
242
236
237
238
243
220
248
243
254
238
231
231
237
239
237
244
247
251
245
235
232
232
236
246
243
226
241
243
235
244
248
232
235
250
237
248
246
241
263
251
261
242
252
248
235
243
233
240
254
238
238
250
259
249
243
251
252
246
221
253
259
261
237
248
246
245
246
240
248
243
243
241
243
230
235
247
257
249
235
255
250
244
240
225
246
249
223
243
243
237
238
257
230
244
216
222
237
226
239
232
247
246
240
246
242
244
215
238
232
235
229
238
233
248
236
220
229
234
245
240
234
252
246
253
236
249
282
238
246
252
238
253
230
225
237
241
231
245
236
260
257
230
247
236
239
216
236
223
243
257
245
237
262
243
253
236
251
265
246
239
238
244
225
231
230
224
230
240
229
233
229
227
221
236
415
235
223
223
221
231
234
217
237
234
236
226
228
227
235
232
227
231
239
243
146
92
475
278
327
167
89
94
222
222
245
259
248
242
240
246
237
239
230
239
244
230
272
241
245
250
252
245
244
240
238
251
238
246
238
224
231
246
244
243
234
239
252
247
234
232
228
238
242
231
234
256
211
241
236
228
223
235
242
248
254
222
237
238
249
237
243
248
239
233
234
235
240
217
245
240
251
235
228
228
234
236
234
241
244
248
242
232
229
229
233
243
240
223
238
240
232
241
245
229
232
247
234
245
243
238
260
248
258
239
249
245
232
240
230
237
251
235
235
247
256
246
240
248
249
243
218
250
256
258
234
245
243
242
243
237
245
240
240
238
240
227
232
244
254
246
232
252
247
241
237
222
243
246
220
240
240
234
235
254
227
241
213
219
234
223
236
229
244
243
237
243
239
241
212
235
229
232
226
235
230
245
233
217
226
231
242
237
231
249
243
250
233
246
279
235
243
249
235
250
227
222
234
238
228
242
233
257
254
227
244
233
236
213
233
220
240
254
242
234
259
240
250
233
248
262
243
236
235
241
222
228
227
221
227
237
226
230
226
224
218
233
412
232
220
220
218
228
231
214
234
231
233
223
225
224
232
229
224
228
236
240
143
94
108
114
85
120
143
276
329
68
137
168
196
104
111
90
276
110
334
2096
930
2604
1016
2001
1728
362
139
990
288
963
387
330
3002
6238
276
177
793
237
179
124
142
143
153
156
153
6
254
98
269
323
225
462
218
229
372
225
184
226
187
200
517
237
292
199
294
305
272
219
242
236
222
203
806
229
221
215
227
199
460
216
198
473
179
972
305
410
320
394
183
419
303
247
374
348
348
864
1004
1104
1004
63
1020
982
615
40
408
2604
597
325
2778
148
146
324
13
432
258
474
73
362
221
104
76
318
82
660
249
504
1967
649
161
1055
478
266
215
397
2176
1386
64
313
312
283
501
230
656
203
623
248
200
215
169
221
878
622
194
175
750
288
447
602
253
572
498
164
385
201
260
525
401
384
573
150
2
303
312
101
521
51
80
478
233
412
453
1331
349
139
210
2
198
94
9
407
1641
1204
151
417
340
373
4394
159
396
396
1767
106
108
68
467
41
1087
124
838
672
637
714
605
782
684
461
612
692
650
719
648
683
700
636
711
768
1231
805
505
1074
938
988
1005
1285
779
656
590
631
1204
747
968
614
610
755
604
596
915
684
624
667
599
578
602
925
691
684
1091
1006
997
639
819
690
671
785
666
755
630
817
671
910
607
898
1002
609
606
602
973
754
643
718
759
1014
599
681
637
1043
873
618
633
561
1462
720
709
1018
1456
640
601
682
704
978
838
676
625
558
640
607
671
1010
606
605
859
971
850
1235
780
648
765
631
649
568
625
645
875
595
1215
991
608
690
552
585
1177
585
715
618
601
704
603
675
912
772
632
664
587
623
577
609
768
610
668
838
587
645
585
612
586
658
624
679
663
574
711
710
673
666
657
628
617
663
798
644
629
877
609
606
860
574
613
674
690
607
690
643
629
635
576
573
712
679
619
612
590
594
1356
1000
633
596
619
580
570
661
601
604
844
908
782
518
808
587
568
575
1022
624
727
602
1256
656
611
739
604
612
609
622
766
706
930
646
567
1021
714
601
582
589
593
654
571
602
650
710
704
381
581
613
655
600
821
644
594
646
812
822
600
719
601
604
571
714
582
618
836
595
600
597
715
733
598
921
776
701
951
689
731
749
715
823
649
615
861
420
835
652
629
622
625
1241
608
687
559
583
615
815
738
621
602
785
598
604
608
618
968
625
566
666
708
637
687
581
667
592
629
686
630
823
588
625
564
565
582
616
613
662
621
658
959
741
659
1014
601
590
659
616
696
611
622
609
591
623
610
608
804
774
602
618
693
624
604
672
597
618
613
728
782
658
617
581
790
638
714
602
787
586
583
624
593
611
705
579
684
804
723
581
664
681
754
709
693
591
586
634
937
601
843
591
1224
607
683
581
607
555
612
624
640
559
670
554
618
622
589
553
848
667
854
610
586
647
942
714
642
635
576
639
587
608
601
548
681
814
603
654
600
599
568
573
592
823
585
786
578
594
600
786
702
577
572
587
766
602
598
675
590
579
543
825
663
545
590
564
688
700
657
561
586
666
554
645
611
568
647
561
600
589
599
663
790
544
563
541
558
562
577
586
562
642
575
726
711
638
580
629
669
596
591
558
557
631
637
572
595
627
621
581
571
590
994
649
817
638
761
746
596
634
678
568
740
642
577
605
767
588
612
563
650
579
689
838
603
749
558
591
386
664
598
590
574
753
663
584
787
600
662
806
624
592
585
585
616
567
611
615
588
619
641
626
762
605
611
613
588
625
579
648
722
592
604
623
651
612
567
673
624
657
683
675
661
601
666
652
606
765
686
600
583
593
681
631
624
584
784
667
713
683
1203
599
781
851
598
632
605
594
630
789
626
635
590
679
753
622
616
614
714
608
617
602
636
793
719
592
590
610
884
855
979
627
647
799
1107
665
632
1178
641
613
591
580
597
866
615
612
790
1010
560
778
604
843
575
683
829
833
588
850
1113
828
682
687
1142
580
730
595
1154
668
568
881
1022
601
619
643
984
922
844
677
871
345
659
641
1137
1274
638
585
862
564
606
746
583
584
620
643
529
1102
929
1044
582
1090
768
654
583
640
646
1005
880
1035
797
832
594
610
572
690
1069
580
1015
577
691
996
589
613
579
838
766
871
662
1001
879
700
698
882
883
750
964
662
604
697
1158
1266
634
697
595
588
1129
608
598
601
680
613
759
581
646
692
594
590
658
618
697
686
612
1058
620
585
733
714
1019
685
1152
589
912
583
1119
745
391
360
858
257
669
230
260
270
450
797
355
256
325
545
546
776
209
476
651
371
646
434
733
417
502
301
566
230
224
541
449
357
1453
495
458
462
706
1023
195
1023
443
523
457
775
380
367
436
842
910
244
240
708
420
260
379
210
533
619
235
345
460
288
840
556
234
277
604
514
256
245
556
564
2274
216
488
554
765
232
359
464
892
675
315
409
591
1472
5708
486
56
872
562
347
360
379
270
332
294
460
231
347
467
504
363
329
360
349
254
297
603
310
663
1270
700
578
606
996
641
722
615
638
1252
602
547
684
863
1099
1020
550
629
546
630
771
619
604
1228
993
1082
1222
574
587
1023
604
617
620
613
683
666
809
981
798
854
769
601
608
784
1034
620
801
840
819
915
964
666
593
1805
610
1817
989
1776
593
603
813
611
758
586
594
622
1191
564
732
753
783
586
806
612
648
1041
930
953
787
684
563
622
652
738
578
615
615
582
680
641
908
1051
661
1031
1197
847
615
883
841
883
848
877
613
754
617
573
1140
660
603
603
620
994
586
669
583
576
673
600
817
774
613
559
656
597
595
565
587
587
670
1462
595
646
554
595
620
1107
589
687
579
994
698
762
563
714
609
873
638
860
744
1012
675
761
1225
584
716
785
823
753
1207
632
679
920
559
600
767
610
626
555
738
583
1104
1167
1064
649
606
789
1388
928
838
593
937
587
604
912
801
631
621
633
654
586
825
604
854
584
602
597
617
590
619
727
650
633
1075
702
576
662
642
758
601
1056
1052
1063
1067
628
938
1237
569
870
943
610
857
995
581
1016
655
581
747
726
678
578
602
886
321
943
872
887
481
827
951
663
321
1342
1063
647
632
599
605
596
578
864
576
569
621
1061
560
722
873
802
673
2018
609
1492
695
634
602
789
600
701
811
630
607
617
430
637
703
562
945
570
615
1027
536
742
815
605
560
766
893
957
808
627
718
558
786
664
896
1527
707
900
1253
1754
638
612
506
593
649
1328
610
591
738
697
775
906
677
700
829
829
980
605
594
641
598
638
594
987
161
609
906
714
1283
1073
1949
625
543
845
1394
1072
1892
1213
666
648
612
708
708
811
600
600
615
600
615
708
708
708
708
600
600
708
615
600
708
600
615
708
600
600
708
600
708
615
615
615
708
615
600
615
708
708
615
708
708
600
600
615
708
600
708
615
600
708
600
615
600
600
615
708
615
708
708
615
600
708
708
708
708
600
600
600
615
708
708
708
708
720
630
600
600
720
630
600
720
600
720
630
600
630
720
609
630
720
600
615
720
630
600
630
708
708
600
600
708
600
600
708
600
630
708
600
708
630
600
630
708
600
630
600
630
708
600
708
600
600
630
708
708
630
630
630
630
708
630
600
630
600
600
600
708
708
708
630
600
600
708
600
600
600
600
600
630
708
708
630
708
630
708
630
630
708
630
600
708
708
600
600
630
708
708
600
600
600
630
600
600
708
630
600
630
708
600
708
630
600
630
600
708
630
600
708
600
630
708
600
708
630
630
708
630
708
630
708
600
630
600
708
708
630
811
708
708
600
600
600
708
708
753
600
600
662
753
600
753
662
600
662
753
628
600
600
753
630
753
630
753
662
620
836
600
600
708
708
708
688
708
688
600
600
688
600
688
708
600
708
600
600
600
688
600
600
737
688
600
737
688
600
688
600
688
737
737
688
708
708
688
688
708
688
708
600
600
688
708
600
600
688
708
600
688
708
600
688
708
600
708
688
708
688
688
600
600
688
600
708
600
708
688
600
708
688
600
708
600
688
708
688
688
708
600
708
688
688
688
708
688
737
600
688
737
662
737
630
600
600
600
630
708
600
708
630
600
630
600
600
630
600
600
708
630
600
600
708
630
708
630
630
708
708
630
708
708
630
630
600
708
630
630
708
600
630
708
600
708
600
600
600
708
600
708
630
630
708
630
630
708
630
630
708
708
630
600
600
708
630
600
708
600
630
600
630
600
630
600
708
600
600
630
708
600
708
600
600
630
600
708
600
630
708
630
708
708
630
630
630
630
708
708
708
630
600
600
708
630
600
600
630
600
708
600
708
630
630
708
708
630
708
630
802
600
630
708
600
600
600
630
600
600
708
630
600
708
600
600
600
630
708
600
708
600
708
630
630
630
630
708
630
708
630
708
630
708
600
630
708
630
708
708
630
600
708
630
600
630
600
708
630
600
708
630
600
630
600
630
600
708
630
600
600
630
708
600
600
600
708
630
630
708
708
630
630
708
708
708
708
811
630
630
600
708
630
708
600
600
630
708
600
630
708
600
600
630
600
600
630
708
600
630
600
630
708
708
630
708
708
630
630
630
600
708
630
708
630
630
708
708
708
630
853
600
708
630
708
615
600
600
615
708
600
615
600
615
708
600
615
708
600
708
600
708
615
615
708
615
600
600
600
600
615
600
708
600
600
615
708
708
615
615
708
708
615
708
615
615
828
600
600
615
600
600
600
600
615
600
600
615
600
615
600
600
708
615
708
615
708
708
615
708
615
708
615
708
708
615
708
600
615
708
615
708
600
600
615
708
600
615
600
708
615
600
708
600
708
615
615
708
708
615
615
708
600
600
708
615
600
615
708
600
708
615
600
600
708
600
615
708
615
615
708
615
811
600
600
708
615
600
708
615
600
615
708
600
708
615
600
708
615
600
600
615
600
615
708
600
615
708
600
600
615
708
708
615
615
708
615
600
708
615
615
615
708
600
600
615
600
615
600
708
615
600
600
708
600
615
708
615
615
708
708
708
615
853
600
600
708
600
708
615
600
615
708
600
600
708
615
600
600
615
600
600
708
615
600
615
600
708
615
708
615
708
615
708
615
708
615
600
708
615
708
615
615
600
600
615
708
600
600
708
615
600
600
600
708
615
708
615
708
615
615
708
600
600
615
708
600
615
600
615
600
600
615
708
600
600
615
600
600
615
708
615
708
708
615
708
615
708
708
615
708
708
615
600
600
615
600
600
600
708
600
615
708
600
600
615
600
600
615
708
600
708
600
615
708
600
615
708
600
600
600
600
615
600
600
615
600
600
615
708
708
615
708
708
615
708
612
708
615
615
708
615
708
615
615
708
615
708
615
708
615
708
708
600
615
708
811
615
708
811
600
600
600
708
600
600
615
600
600
708
615
708
615
708
708
615
615
615
708
600
708
708
600
600
708
615
600
600
600
600
600
600
615
600
600
600
708
708
600
600
708
615
600
600
708
615
600
600
708
615
600
600
615
600
708
708
708
615
600
600
615
708
600
600
615
708
600
708
615
600
615
708
600
708
600
615
600
600
600
600
615
708
729
615
600
600
708
615
600
729
615
600
600
612
615
729
729
615
615
729
600
708
615
615
708
615
708
708
615
615
615
708
600
600
708
615
600
600
708
615
600
615
600
615
708
708
615
708
708
615
708
600
600
708
615
600
708
600
615
708
600
708
615
615
615
615
600
615
708
708
615
615
708
615
708
600
615
600
708
615
708
708
615
615
600
615
708
708
615
615
708
615
708
615
708
615
708
708
615
615
708
600
600
708
600
708
615
600
708
615
615
708
615
615
708
600
615
708
615
615
837
600
708
708
615
708
811
600
612
701
694
641
634
680
674
644
688
622
636
628
652
644
585
470
626
624
636
652
656
640
670
653
642
723
641
509
652
625
346
591
637
708
653
541
1146
826
427
688
4073
464
464
367
459
573
303
209
367
539
377
209
1206
342
477
514
440
602
351
674
475
179
181
208
128
334
334
510
172
998
228
747
102
102
165
168
277
288
360
305
183
515
390
1110
479
581
522
461
906
393
512
660
344
1194
841
519
614
483
558
483
476
539
841
823
635
542
473
412
725
578
768
416
527
516
559
453
476
496
536
411
475
441
525
535
418
495
499
431
601
580
549
589
531
602
710
447
507
507
592
365
599
531
416
539
426
528
653
706
446
592
574
418
560
615
481
625
524
468
426
429
484
361
470
523
585
549
444
576
457
459
536
422
504
599
603
501
623
423
484
597
460
647
423
520
433
407
608
429
523
503
564
487
704
423
480
567
451
429
447
433
535
679
467
518
438
460
453
474
548
401
446
498
456
438
597
394
414
429
511
452
602
1706
347
692
468
330
927
428
1188
881
248
152
1324
11058
1943
141
177
161
187
11551
1604
148
176
234
1329
136
159
599
170
110
170
163
2601
157
925
2016
154
166
170
174
162
197
173
169
164
169
160
161
161
159
170
158
165
559
158
180
145
185
168
189
161
154
181
156
166
163
166
154
161
185
142
158
155
153
161
108
111
117
123
122
121
113
176
143
161
152
702
667
736
666
279
150
142
145
152
1427
984
68
564
153
171
145
145
176
285
1307
172
160
318
512
1193
138
902
996
21
1232
7568
1365
1209
134
309
1267
941
181
1022
162
473
30
1492
1486
184
210
788
191
712
661
152
164
998
151
1013
1019
310
268
206
162
430
126
189
123
845
1031
839
633
691
660
743
653
230
393
284
380
213
245
173
122
201
371
0
98
108
428
946
479
670
758
545
981
507
548
385
966
880
2534
2534
291
158
706
100
243
243
362
316
1331
1036
1503
1495
1954
956
1031
1022
1009
672
1207
1225
1279
1319
916
1239
1606
1004
1335
1373
1437
994
112
2603
933
2024
409
606
606
702
702
594
594
609
702
702
805
609
594
594
702
702
702
609
594
594
609
594
702
702
702
609
594
594
702
594
609
702
594
702
609
594
702
594
594
609
702
609
702
609
609
594
702
702
805
609
594
594
594
609
594
594
609
702
702
714
594
594
714
594
594
624
714
594
603
624
714
594
714
609
714
624
714
624
624
594
594
702
702
847
594
594
702
702
702
624
594
594
594
702
702
624
702
624
702
594
594
624
702
594
594
624
702
594
624
594
624
702
594
624
702
702
624
702
594
624
594
624
594
702
702
702
763
830
614
731
624
702
702
702
702
594
594
594
594
624
702
594
624
702
594
594
624
702
594
624
594
624
731
594
624
731
594
594
594
731
624
624
731
731
624
624
702
624
702
624
702
731
624
624
594
594
624
702
594
594
702
594
702
594
624
702
594
624
702
624
624
624
702
594
594
594
594
624
594
624
702
594
702
624
594
702
624
702
624
702
702
624
624
594
594
594
624
702
624
702
650
702
702
594
594
702
594
702
594
702
624
594
594
702
624
594
702
624
624
702
624
624
594
624
594
624
702
594
624
594
594
702
594
702
624
594
624
594
594
702
624
594
702
594
594
702
624
594
702
624
702
624
624
702
624
624
702
624
702
702
624
594
624
594
594
624
702
594
702
624
594
594
594
702
624
594
702
624
702
624
702
624
702
624
594
594
594
624
702
594
594
594
702
624
594
624
702
594
624
594
702
594
702
624
624
624
702
702
624
624
702
624
624
594
702
624
702
702
624
702
594
594
702
624
594
702
594
624
594
624
702
594
624
594
702
624
702
702
624
805
594
594
702
624
594
702
624
594
702
624
594
702
594
624
702
594
594
594
594
624
702
594
702
624
702
624
624
624
702
624
624
594
702
624
624
702
594
624
702
594
624
702
594
702
624
594
594
594
702
624
624
702
624
702
702
624
594
594
594
702
624
594
624
594
702
594
702
624
594
702
624
594
594
702
624
594
702
624
624
624
702
702
624
702
702
624
594
594
624
702
594
702
624
594
624
594
624
594
702
624
594
702
624
594
594
624
594
702
594
702
594
702
624
594
624
594
594
594
624
594
702
594
624
594
624
594
702
624
594
702
624
702
702
624
702
624
702
624
702
624
624
702
624
702
702
702
624
594
624
702
594
624
702
805
702
624
624
702
594
594
702
624
594
594
594
594
624
702
594
702
594
594
594
624
594
702
624
702
624
702
624
624
702
624
624
702
624
702
594
702
624
624
702
624
702
624
702
609
594
594
594
702
609
594
702
594
702
609
609
702
609
594
702
594
609
594
609
594
609
702
594
702
609
594
702
609
702
702
609
594
609
594
609
702
609
702
702
609
702
594
594
702
609
594
609
594
609
702
594
702
609
594
609
702
594
609
702
702
594
702
594
594
702
609
594
609
702
594
594
609
594
594
702
594
594
702
594
609
594
594
609
702
702
609
702
609
609
702
609
609
702
609
702
609
702
609
609
594
594
702
594
702
609
609
702
702
609
594
702
609
702
822
609
594
594
594
702
609
594
609
594
594
609
594
609
594
609
594
609
702
594
702
609
594
594
609
702
609
702
702
702
609
702
702
702
609
702
609
594
609
702
702
594
594
609
594
702
609
594
702
609
594
594
594
609
594
594
702
594
609
594
609
702
702
609
609
702
609
702
702
609
702
609
594
609
702
609
702
609
594
594
594
609
702
609
702
594
594
594
702
594
609
594
609
702
594
702
609
594
594
609
702
594
702
609
594
702
594
702
609
594
702
609
594
702
594
594
702
609
594
609
594
594
609
594
609
702
594
609
702
702
609
702
702
609
609
609
609
702
609
702
609
702
609
702
702
594
609
702
609
594
609
702
847
702
609
702
594
594
609
594
609
702
594
594
594
702
609
594
609
702
594
609
594
594
702
594
609
702
594
609
702
609
702
609
609
702
609
702
702
594
609
702
594
609
594
594
609
594
702
609
594
594
702
609
594
609
594
594
594
609
594
609
594
609
702
594
702
609
594
594
702
702
805
831
609
606
723
702
702
609
702
609
594
594
609
594
609
594
594
702
594
702
594
609
702
609
609
609
702
702
702
594
594
609
702
702
609
702
609
594
594
594
594
702
594
702
594
702
609
594
702
609
594
609
594
609
702
594
609
594
702
609
594
609
594
609
594
609
702
702
702
702
606
609
702
609
609
702
594
594
702
609
594
609
702
594
609
702
594
609
594
702
609
702
609
702
594
594
594
594
702
594
702
609
594
609
702
594
702
594
609
594
609
702
609
609
609
702
609
702
594
609
702
594
702
609
702
609
702
594
594
702
594
609
594
702
594
594
609
594
609
702
702
702
609
609
702
609
723
609
594
594
609
594
723
609
723
594
609
594
702
609
594
594
594
609
702
594
702
609
609
702
702
609
702
609
594
594
609
723
609
594
702
594
594
702
594
702
609
594
609
594
702
609
702
609
702
609
594
609
702
609
609
702
702
609
702
609
702
609
702
702
702
609
702
702
609
805
702
702
805
594
826
890
344
344
340
347
389
418
384
430
347
344
345
344
349
903
889
424
347
345
347
881
886
343
702
386
344
340
344
373
810
452
425
345
340
478
344
346
339
393
344
341
349
344
455
346
343
363
893
410
347
416
344
344
348
356
356
346
430
344
345
344
346
387
345
344
346
403
409
416
403
346
349
345
433
352
40
75
40
827
111
121
137
108
149
128
112
97
98
134
119
147
104
158
91
141
105
125
131
93
112
123
110
128
121
139
126
108
117
894
348
407
426
345
405
420
344
384
341
344
395
476
341
445
406
344
483
345
344
395
904
341
382
340
342
345
342
368
345
348
349
344
459
347
344
917
398
376
582
344
346
345
347
348
343
346
349
392
343
655
699
679
691
623
613
631
646
665
691
641
643
617
653
691
643
627
637
629
619
597
633
617
611
615
593
658
573
581
579
607
623
603
624
623
623
621
631
669
655
683
639
619
657
635
621
845
686
670
643
664
652
610
675
698
696
690
648
668
671
617
610
627
616
600
652
636
662
632
659
1274
550
1050
1274
453
802
699
691
638
631
677
667
641
685
653
633
625
649
641
582
623
467
621
633
649
619
637
671
650
639
720
574
438
683
488
580
628
291
417
890
1721
356
585
670
687
720
654
578
657
688
706
678
637
683
680
655
654
637
643
640
665
620
627
619
689
672
689
644
663
702
648
642
645
681
682
593
653
650
631
657
615
617
605
629
628
621
618
617
595
599
638
601
523
651
605
613
630
622
633
662
629
630
680
606
600
646
611
676
659
618
676
671
643
671
671
636
633
651
638
629
660
704
637
604
585
402
1529
9393
825
1527
782
10373
2970
842
3926
272
545
2967
642
677
13002
1091
1089
136
24974
742
3447
493
221
533
3213
196
191
2761
2385
46
2172
2269
2154
1777
400
4031
518
1578
2342
789
667
824
143
2967
483
416
411
828
890
561
602
584
631
1244
559
797
580
601
556
552
1015
692
654
644
550
695
581
766
550
578
582
628
634
588
576
554
701
688
566
600
914
742
592
717
587
692
570
694
594
596
583
585
575
823
689
561
572
986
668
628
1340
791
803
583
816
556
633
575
732
606
592
797
580
718
762
713
1010
591
856
927
603
559
785
666
563
691
600
1050
730
872
581
703
580
593
835
583
597
1157
574
173
768
627
453
41
234
96
25
266
178
26
10
403
53
652
23
97
25
11
23
64
13
25
34
26
20
49
19
30
127
122
18
25
10
520
50
244
671
30
252
368
618
469
1426
582
500
103
60
415
126
212
435
310
221
156
83
224
383
632
717
648
300
599
744
1367
636
620
765
1211
605
1201
578
667
791
556
557
1512
1656
1446
988
584
807
1012
561
829
554
983
1202
550
1080
1210
710
852
649
734
562
753
702
590
868
1239
580
763
1017
1369
874
1413
599
1310
557
633
609
693
814
945
863
607
664
1051
812
861
707
825
1828
1023
505
281
818
954
194
314
727
471
746
1150
638
2573
567
1114
806
711
1123
551
602
680
825
737
693
736
1115
604
770
1241
810
892
1062
676
941
1080
540
1215
701
1205
563
838
859
844
727
770
571
1144
827
983
1038
1135
641
963
1087
665
1129
621
557
1231
574
1082
565
751
1171
893
1072
552
1056
1043
697
581
1109
999
723
907
1098
560
809
772
724
1159
726
752
804
1229
795
806
1120
650
811
920
1089
798
1122
799
1145
1183
640
1085
566
947
862
580
590
1276
765
576
1038
1166
738
1026
1207
688
762
983
496
496
496
496
1112
823
525
1078
1115
136
504
115
126
488
120
161
103
113
98
496
137
107
112
101
113
120
545
106
108
104
114
184
116
110
108
122
433
360
442
413
464
110
169
128
134
151
122
110
99
411
105
141
99
106
125
108
110
429
110
104
102
141
108
122
101
124
115
462
105
118
116
409
109
113
107
132
106
106
99
467
138
119
193
147
112
159
1659
839
1502
343
55
268
93
286
1505
16
26
422
317
140
87
87
115
105
132
112
105
104
481
304
99
102
102
103
106
110
481
270
100
107
104
110
150
285
101
118
109
114
98
121
190
112
128
115
125
131
111
121
104
109
118
122
591
489
514
582
475
553
342
102
114
130
259
105
111
106
115
97
104
102
124
100
136
117
98
98
134
125
258
136
129
136
126
284
231
125
120
136
125
103
294
314
306
7497
136
104
152
136
112
136
121
380
405
402
390
411
401
438
364
436
157
136
453
434
111
122
124
114
114
99
313
2
887
270
270
0
231
124
481
1957
285
124
469
292
259
193
395
118
99
407
154
407
2273
247
794
395
527
153
514
1661
226
851
546
327
738
565
552
179
514
1423
296
561
246
801
278
1635
288
189
391
240
363
457
641
751
119
526
365
358
316
397
418
303
309
341
449
796
461
574
161
180
1017
158
139
137
213
223
152
633
796
52
221
173
773
941
287
744
435
679
2931
3
131
467
496
530
399
682
242
574
2410
597
429
918
281
1545
25
417
393
396
394
416
441
602
551
410
771
728
400
683
749
949
585
699
522
2410
2410
1292
1251
1114
1107
1123
1233
1166
1089
1265
1050
1065
1194
1106
1178
1111
1180
1089
1109
1265
1100
1160
1104
1039
1084
1314
1143
1159
1158
1107
1199
1139
1140
1108
1163
1039
1081
1128
1172
1105
1107
1051
1182
1083
1190
1194
1206
1222
1273
1100
1062
1191
1076
1228
1179
1117
1053
1253
1039
1081
1061
959
1364
1153
1090
1235
858
958
410
646
407
734
608
633
674
635
553
512
630
714
838
589
576
473
604
401
560
475
423
257
607
460
2284
1292
460
879
2284
387
661
538
635
689
739
769
600
660
663
733
415
647
312
542
317
772
732
242
439
769
459
240
374
272
130
918
128
92
27
303
22
37
664
29
434
299
293
290
324
277
268
248
234
288
284
217
296
316
258
128
468
450
150
49
967
65
345
400
325
574
247
785
797
678
838
793
732
578
846
861
824
341
564
258
391
588
770
762
482
43
13
14
14
13
535
433
480
717
404
350
434
291
624
390
350
55
99
241
180
143
907
896
1147
197
381
550
254
225
767
204
498
262
667
446
429
436
