357
976
468
944
363
411
2169
539
1328
2400
1166
317
2708
1057
518
715
642
645
700
792
1055
310
1137
841
556
421
1115
1397
690
482
280
1209
811
741
272
4028
871
863
301
316
726
865
343
285
835
1190
383
656
482
286
949
787
248
550
620
1246
295
308
1291
1482
602
505
511
1227
696
802
620
1113
709
699
727
2377
507
614
864
269
294
417
725
548
1084
585
926
521
1035
694
248
1244
853
852
424
346
491
1240
699
341
346
281
1123
324
1249
489
620
749
815
362
622
258
16
16
442
584
506
506
565
565
634
417
17
634
485
98
561
338
338
201
389
475
934
423
899
961
1620
715
1333
452
2121
907
2110
1107
2360
361
1128
712
336
2662
941
402
893
464
637
909
615
1095
655
345
383
669
648
604
477
1213
504
590
747
260
458
715
1497
1085
799
570
957
355
330
1525
516
591
1481
1072
1343
1412
251
215
703
653
265
967
586
208
980
537
979
1434
289
1035
742
794
1394
232
831
612
613
1106
631
210
252
511
601
240
939
689
1135
1404
626
306
114
538
274
100
273
149
322
266
2528
1615
605
93
231
177
5857
521
71
780
9
352
255
209
264
203
140
199
328
363
257
297
510
298
376
311
806
714
799
351
147
147
147
147
147
147
147
147
147
147
261
147
147
145
147
296
264
156
156
156
156
156
156
156
156
156
156
156
156
204
319
411
353
440
386
384
300
293
373
360
260
328
284
313
302
326
267
359
346
277
321
316
250
406
364
310
286
276
473
338
274
216
229
349
283
272
288
290
321
366
329
325
290
331
344
368
274
281
422
237
254
278
310
379
375
342
279
266
279
142
142
142
160
142
307
783
738
278
503
348
293
696
456
481
251
285
236
234
236
243
236
236
257
177
268
193
287
214
291
221
202
234
236
234
150
254
188
218
154
174
104
347
345
256
225
216
321
812
435
274
338
152
152
152
152
821
741
806
828
830
761
820
813
304
358
298
465
321
331
374
311
320
468
432
377
2109
907
1583
528
398
918
262
292
306
284
285
275
270
279
286
300
346
305
300
290
287
268
282
294
255
805
740
806
663
294
276
267
268
277
259
298
290
497
301
330
334
335
316
355
483
340
332
370
340
342
345
297
427
321
205
361
428
386
338
300
371
481
319
438
168
40
470
654
75
49
32
75
49
799
1675
341
193
190
806
412
775
811
803
799
821
741
806
828
830
280
1018
252
205
184
184
255
199
184
184
184
261
190
243
186
184
184
184
184
184
184
266
205
304
220
254
184
184
184
184
272
207
252
203
293
218
246
187
244
189
249
194
233
178
271
205
254
193
271
202
267
202
300
233
267
198
279
216
317
229
303
238
287
205
302
231
308
256
214
253
242
183
184
184
184
184
184
184
245
185
184
184
184
184
184
184
184
184
184
250
190
184
184
184
184
231
174
280
251
254
184
184
184
184
184
184
184
243
189
184
184
184
184
184
184
255
198
184
262
254
198
184
184
184
184
184
256
184
184
184
249
194
184
184
184
184
184
184
184
184
184
184
227
255
225
184
184
184
184
184
184
184
273
257
201
184
184
184
184
255
227
184
184
184
184
184
184
260
239
184
184
257
213
184
184
184
302
227
287
224
291
214
283
219
283
218
252
190
454
272
218
192
131
257
223
184
184
184
184
184
286
259
220
184
184
184
184
184
184
254
210
184
184
184
184
256
215
184
256
214
184
184
184
184
245
186
184
254
393
184
184
256
214
184
184
184
184
184
184
184
184
184
184
423
620
767
595
562
1100
596
502
1175
1086
892
942
665
0
671
0
724
721
710
398
145
697
712
343
690
358
717
671
850
850
850
850
691
0
679
310
291
310
622
780
54
716
698
515
730
705
5513
101
278
246
234
243
319
301
282
351
348
338
299
286
291
339
330
229
368
241
260
381
335
299
274
318
183
711
751
801
291
4542
706
0
686
322
1370
444
1406
814
1206
5740
397
397
921
1307
820
641
525
641
641
21
641
641
348
1895
1882
1421
1427
397
1162
1427
351
336
85
571
449
273
1081
346
1868
255
264
319
429
329
622
707
712
679
689
209
707
689
709
853
838
1165
986
871
518
703
59
722
689
712
683
250
676
1811
862
1811
349
116
767
0
1027
449
1027
685
37
209
3667
2946
492
2857
3955
530
2
4487
4453
1913
2665
3937
1488
4079
61
3678
7060
753
3633
174
82
66
404
70
160
214
244
127
102
201
278
184
135
237
791
244
441
124
2599
212
260
252
300
311
601
340
107
43
138
1050
30
47
1517
449
833
201
948
519
605
1545
1082
671
865
1429
642
657
715
702
1051
672
1879
805
696
736
643
614
671
696
886
653
699
682
955
784
637
874
709
956
631
696
687
759
794
712
672
654
867
832
666
710
1170
919
710
883
713
891
669
840
709
729
697
695
702
1073
858
667
684
1393
834
812
2344
1015
1062
683
1084
664
770
686
933
734
718
1068
689
906
972
882
820
1027
3636
761
20
37
139
147
150
527
2
397
119
1192
519
364
154
236
289
2506
384
465
415
366
669
639
284
435
1481
231
636
721
712
724
808
910
736
791
853
712
827
496
140
415
144
136
669
134
134
133
133
124
147
146
188
110
110
279
207
22
39
185
143
2063
623
524
1248
421
696
367
186
591
296
33
63
910
26
24
238
30
159
164
42
103
39
35
52
44
69
32
15
36
16
41
18
18
780
66
127
51
29
361
1851
2150
498
56
310
171
196
158
139
183
435
201
154
669
135
153
142
148
139
147
146
156
151
136
147
176
139
144
140
161
173
127
177
157
234
161
158
143
140
163
165
142
140
180
141
163
201
143
172
135
150
195
138
127
173
143
151
143
134
169
160
141
152
244
188
151
221
154
139
137
135
155
166
142
154
163
604
512
628
595
682
611
652
667
598
681
433
263
148
151
366
147
135
167
142
145
184
131
132
181
216
126
142
127
154
148
135
150
140
155
125
160
154
157
190
128
131
170
165
130
133
633
624
140
327
380
166
154
166
160
158
150
156
157
168
167
343
177
177
177
177
177
177
177
177
485
334
395
9199
344
186
95
6
757
2338
665
893
731
714
3226
659
3085
685
738
698
1104
1623
1303
1245
1086
1086
186
2043
203
143
145
529
583
576
563
615
599
666
549
637
218
147
489
636
467
1095
467
552
110
1242
986
1019
975
652
1301
1051
876
996
1050
923
1266
850
708
912
1059
1534
250
846
967
877
850
704
688
784
1238
747
1120
688
1869
750
848
687
726
643
749
760
777
689
831
653
767
747
710
661
1141
828
1113
728
706
793
1302
906
784
772
672
775
703
718
720
637
889
1051
723
808
712
723
681
681
694
1076
711
992
696
721
731
1020
874
683
679
692
998
719
735
843
714
689
627
161
1647
139
170
903
381
2
38
46
174
385
563
622
454
56
674
301
708
345
176
181
561
179
176
148
145
206
227
139
136
133
171
137
134
131
172
139
136
171
157
226
1205
293
1205
357
403
361
540
250
385
246
337
420
391
496
326
339
355
361
284
311
478
429
354
675
491
359
211
535
609
401
415
255
481
283
539
311
390
569
509
383
467
526
186
721
172
1912
17783
16715
13598
10
3053
188
199
205
214
196
245
225
221
221
220
202
208
207
202
228
203
204
204
225
189
236
208
245
210
225
191
234
208
221
209
215
188
206
239
185
194
201
200
212
128
131
137
145
147
148
139
199
199
210
210
731
362
820
938
956
1037
952
361
194
210
217
223
193
180
226
198
181
175
208
1077
772
184
176
194
3189
632
184
228
391
3189
194
1389
3997
129
1496
106
0
2159
2068
1985
189
29
1509
230
188
112
2502
325
1912
660
1334
199
201
1948
433
1847
414
165
1901
1857
170
544
933
205
208
1505
191
2541
289
281
90
86
306
286
222
591
1488
207
602
1497
226
35
1397
2951
174
226
206
879
243
441
1489
236
468
916
1466
1028
241
295
746
2659
295
516
314
409
608
231
590
443
580
405
651
1010
564
879
1108
262
263
638
628
87
525
60
501
1022
1545
1562
1499
926
0
1466
1545
76
439
672
161
471
525
489
123
1046
48
165
60
902
635
272
1036
1031
232
1039
430
325
592
327
326
328
878
294
240
298
555
817
951
620
233
1239
445
1438
197
304
247
510
287
383
374
277
958
478
523
452
263
302
189
1117
199
242
295
349
253
359
236
292
219
292
644
763
1467
820
1304
675
373
734
784
342
542
872
389
600
462
522
1082
250
808
267
268
794
1074
242
2339
571
1030
877
1398
955
703
1118
393
562
481
990
1383
310
370
1326
263
541
358
295
377
428
456
393
317
1588
411
400
236
1184
498
325
386
262
918
280
298
239
892
820
528
451
525
928
830
413
774
741
378
1044
188
1867
827
442
450
389
743
295
1194
327
259
281
201
278
1452
1025
246
225
1188
387
673
518
838
1553
226
965
24
965
1069
811
787
867
788
709
805
704
784
657
742
702
971
710
681
763
950
670
842
771
728
906
1167
887
936
940
808
847
812
377
261
478
3511
2026
94
894
353
90
49
31
2480
108
206
90
29
37
37
5
87
40
46
42
42
198
182
12
115
209
36
11
258
394
37
13
22
109
413
37
14
36
115
461
357
557
824
370
0
97
35
298
29
1572
402
448
851
3466
489
3570
3128
1237
2759
355
97
76
123
148
339
43
519
622
580
809
762
230
175
202
200
368
461
224
381
224
157
244
171
256
708
635
411
231
160
548
498
733
684
570
516
578
504
1130
165
180
1210
594
534
502
451
535
477
367
343
203
145
200
140
200
142
200
142
191
142
180
128
201
143
198
138
198
140
197
137
208
148
202
142
191
135
318
310
138
645
595
199
137
149
321
321
321
321
69
348
348
348
348
348
331
331
331
331
331
331
358
358
358
358
358
358
283
283
283
283
283
302
302
302
302
1025
120
278
243
257
289
359
427
1547
636
2044
397
827
696
969
1704
617
1086
285
201
4869
4050
1504
1788
475850
3305
1903
299
120
594
2116
5187
759
7048
642
4152
1120
643
2855
1197
2994
2120
414
4129
765
131
97
26
22329
1105
37
6356
827
2308
641
929
3
275
281
2191
57
123
366
1614
1119
2922
447
2243
441
1848
43
1900
255
1564
480
1105
1597
1706
707
1571
836
121
904
464
486
805
3
661
3
2046
136
980
1866
709
397
2534
709
518
641
2534
824
6735
4261
828
979
929
2035
817
2791
135
2
2024
2503
162
1618
859
1735
308
1465
718
1777
1187
1368
541
773
339
1202
623
2572
861
1415
708
2111
817
382
219
417
433
332
338
393
382
316
403
278
423
264
358
321
298
264
296
271
402
295
369
584
302
304
223
495
435
445
533
371
533
383
452
298
289
303
518
305
247
296
257
286
753
331
395
269
393
423
373
274
317
338
299
277
1193
303
279
271
290
251
756
266
241
760
225
607
346
255
589
196
793
957
344
657
975
1241
671
1331
688
287
402
300
122
1132
612
78
5778
218
2
10
292
428
425
344
605
479
188
35
332
414
161
362
259
228
281
299
426
266
1003
328
234
906
215
322
334
273
469
4059
505
146
420
491
392
330
229
439
337
476
381
464
403
520
425
516
420
604
514
727
629
587
497
403
309
550
467
513
415
589
515
557
475
650
570
680
612
308
224
631
556
599
517
428
343
390
295
406
324
433
349
484
414
468
418
526
461
491
395
448
379
494
390
692
635
564
462
696
607
475
403
538
469
154
147
160
241
137
295
152
577
176
168
183
164
191
200
206
215
300
1012
427
989
2
344
293
254
197
352
233
237
426
246
272
368
1194
502
576
298
427
623
333
610
585
309
430
152
426
378
335
357
396
347
492
391
541
613
511
376
350
1201
537
238
1228
568
465
305
526
495
336
327
305
171
196
237
468
146
368
721
879
214
1635
563
634
419
396
232
523
507
229
198
319
321
457
673
636
281
262
315
537
375
1276
406
623
319
371
222
150
303
706
503
246
288
346
442
572
371
353
454
565
301
612
336
663
934
486
360
851
357
262
421
388
570
394
447
499
457
270
512
285
462
301
519
334
410
537
372
377
379
402
543
363
402
605
438
420
460
478
1667
480
551
408
606
632
535
467
307
309
313
636
567
689
418
203
241
542
549
538
771
406
556
592
611
339
344
628
459
443
780
639
310
385
616
349
511
460
403
500
368
612
757
633
284
566
445
337
377
1245
536
431
363
531
531
698
523
788
776
355
918
565
556
557
473
273
516
254
539
337
477
954
558
525
496
348
360
700
613
690
738
648
643
740
538
692
764
723
791
454
629
1278
459
2272
1115
1146
1220
376
1453
870
998
1133
2202
128
130
182
129
184
127
181
181
126
128
128
180
128
128
127
127
127
131
230
124
124
124
124
134
186
132
130
187
130
128
297
242
132
134
181
130
132
132
130
132
134
131
131
128
128
128
129
131
352
352
131
133
133
132
132
132
132
132
133
139
133
129
129
129
185
363
244
129
363
242
129
190
130
130
130
130
131
135
134
134
134
127
129
129
185
130
130
127
131
130
132
183
129
129
127
129
132
128
127
129
182
129
129
127
184
129
130
132
188
363
371
359
132
351
296
129
127
241
135
132
130
134
132
130
130
126
128
128
130
133
186
129
294
129
131
132
130
132
252
315
137
194
131
306
247
183
188
189
129
133
133
131
357
134
249
240
128
363
134
138
131
132
360
362
358
357
342
357
354
344
365
364
364
321
360
363
197
376
315
212
799
383
493
595
720
521
251
609
732
362
794
345
808
466
424
321
322
241
1613
216
772
252
195
250
832
632
263
125
8045
403
314
123
460
164
355
503
673
339
245
266
423
172
494
709
274
262
174
263
426
512
1407
381
377
788
640
244
288
304
515
386
459
723
185
141
262
417
523
328
261
404
287
735
331
257
313
321
223
224
344
220
371
153
530
427
1056
967
207
275
319
367
489
291
346
142
302
357
1094
551
472
417
388
337
383
242
165
646
482
178
726
217
311
332
378
373
245
275
214
183
321
127
496
73
73
73
303
161
359
152
484
293
301
459
305
233
344
698
246
686
797
566
131
215
229
331
992
125
252
351
459
399
354
166
300
281
364
566
509
716
166
312
417
781
587
3804
193
651
163
247
958
438
136
141
165
347
597
338
302
260
380
186
242
427
490
386
131
195
142
179
417
1069
315
259
133
190
706
480
206
231
218
398
354
330
724
722
232
505
372
664
263
225
179
561
261
145
823
167
371
420
216
333
429
609
317
336
213
259
463
253
380
355
323
231
441
468
1242
1100
1061
131
326
275
240
200
374
312
672
448
455
406
123
224
227
133
551
123
161
961
238
235
314
670
248
146
246
446
342
365
358
363
213
287
357
301
226
557
811
197
493
687
151
331
328
195
202
172
506
452
263
194
625
328
138
190
773
475
550
511
465
441
418
337
753
916
387
392
224
558
474
5171
888
187
389
392
138
413
156
162
679
425
372
207
266
459
494
184
271
230
682
278
680
508
448
771
183
180
218
521
328
640
225
413
273
698
668
456
799
1377
547
304
495
172
168
215
675
157
387
304
297
492
551
910
276
215
492
508
408
435
494
187
584
311
707
425
346
195
232
739
643
278
328
585
444
320
417
548
271
255
379
568
553
290
656
374
295
502
616
508
199
1013
272
220
921
403
359
335
282
540
208
235
965
1394
296
244
279
385
370
393
323
234
834
288
333
149
584
304
547
180
324
286
683
261
174
508
487
875
1642
183
270
230
345
238
425
320
302
399
251
451
299
349
371
312
374
2013
647
915
327
378
844
294
514
312
328
266
238
490
278
301
221
540
696
1414
260
161
395
409
360
138
394
194
204
690
658
329
420
469
304
257
630
363
478
223
404
423
231
170
459
402
619
467
808
302
247
1455
266
272
313
408
434
277
267
275
250
159
721
242
486
148
455
1608
267
399
303
835
328
250
204
213
435
227
556
705
335
492
241
467
566
230
324
482
846
322
341
339
225
275
294
210
306
208
291
691
244
244
494
325
586
278
340
496
492
239
284
292
449
429
392
245
349
344
208
172
324
352
316
294
296
402
612
360
396
605
304
301
256
401
226
223
259
249
519
347
360
272
267
334
223
391
140
192
260
336
253
272
206
157
214
250
1000
351
334
211
257
297
1018
1386
176
528
298
202
525
184
170
453
157
194
344
354
482
458
312
145
215
307
681
222
224
239
279
487
303
286
529
1321
280
212
430
231
302
465
238
240
447
338
255
331
307
412
263
565
379
340
320
221
197
433
322
306
586
253
306
276
226
329
601
283
170
402
317
339
350
466
432
300
342
613
154
318
175
393
425
281
261
359
185
279
343
336
548
187
251
441
467
330
261
325
152
578
372
366
391
638
717
548
679
598
283
956
200
280
168
250
317
347
474
502
281
282
302
547
500
590
332
286
270
247
497
428
441
404
251
448
315
269
353
818
172
387
435
192
201
340
567
331
309
310
385
289
262
335
262
464
672
476
449
301
139
194
217
294
503
1004
234
496
221
368
306
436
357
685
207
178
342
304
202
348
343
340
341
353
344
347
344
332
337
339
341
347
347
340
320
349
129
362
368
356
352
344
355
360
355
352
346
348
351
353
346
347
349
318
348
351
359
338
354
355
358
186
356
363
352
348
359
359
378
356
349
359
362
361
357
354
362
352
354
329
363
365
356
354
359
345
357
352
354
355
357
360
339
364
361
363
357
354
357
358
367
357
354
371
346
360
338
325
352
362
344
361
338
358
352
355
356
352
367
365
197
1250
876
674
762
348
360
371
367
364
359
362
357
348
352
345
355
342
347
354
359
364
347
352
349
353
340
347
354
345
342
340
354
355
347
359
353
362
359
352
362
352
354
350
355
357
357
349
334
345
349
345
357
357
367
353
352
359
351
354
358
371
354
352
353
349
352
353
356
353
352
346
349
363
360
349
355
353
352
348
353
361
351
353
352
349
354
373
361
365
352
361
337
342
362
362
356
356
358
362
356
369
355
352
366
356
359
357
355
357
344
353
353
360
353
360
352
355
352
357
350
350
360
362
361
370
355
371
354
353
360
362
355
357
376
367
359
356
350
352
361
349
357
340
350
356
350
342
334
353
359
330
329
363
345
365
364
328
336
320
353
352
350
344
358
355
367
373
360
359
358
358
355
247
170
339
352
363
359
355
368
356
364
348
345
351
362
352
375
352
355
356
356
345
358
363
351
356
347
355
346
357
352
359
357
352
358
352
357
355
348
354
345
346
348
353
357
351
308
367
352
351
340
343
344
354
354
351
347
349
362
349
356
356
356
347
348
344
347
347
352
345
347
344
348
349
349
339
349
348
346
353
345
336
338
350
347
350
353
338
356
345
358
351
344
352
329
359
352
355
357
364
363
354
371
344
351
349
354
350
356
352
364
343
348
350
363
363
352
354
349
356
332
363
351
360
356
353
350
354
354
348
345
349
350
354
347
348
347
354
358
355
345
351
353
353
332
344
364
353
335
347
347
344
347
356
345
351
300
317
350
329
349
338
348
351
338
355
354
358
324
336
336
349
328
341
349
359
353
324
330
355
350
350
342
360
364
353
346
327
333
317
343
358
352
357
346
343
344
351
340
348
351
368
363
345
351
347
353
320
346
320
353
360
366
355
386
350
364
349
361
364
358
356
350
352
346
356
347
347
351
355
353
350
349
343
346
360
743
356
347
352
350
348
347
346
360
348
352
349
346
352
362
358
363
357
349
360
189
156
421
101
336
73
100
115
220
75
125
373
97
165
226
107
168
154
110
106
690
582
657
135
100
352
373
188
194
342
355
366
362
358
371
359
367
351
348
354
365
355
378
355
358
359
359
348
361
366
354
359
350
358
349
360
355
362
360
355
361
355
360
358
351
357
348
349
351
356
360
354
311
370
355
354
343
346
347
357
357
354
350
352
365
352
359
359
359
350
351
347
350
350
355
348
350
347
351
352
352
342
352
351
349
356
348
339
341
353
350
353
356
341
359
348
361
354
347
355
332
362
355
358
360
367
366
357
374
347
354
352
357
353
359
355
367
346
351
353
366
366
355
357
352
359
335
366
354
363
359
356
353
357
357
351
348
352
353
357
350
351
350
357
361
358
348
354
356
356
335
347
367
356
338
350
350
347
350
359
348
354
303
320
353
332
352
341
351
354
341
358
357
361
327
339
339
352
331
344
352
362
356
327
333
358
353
353
345
363
367
356
349
330
336
320
346
361
355
360
349
346
347
354
343
351
354
371
366
348
354
350
356
323
349
323
356
363
369
358
389
353
367
352
364
367
361
359
353
355
349
359
350
350
354
358
356
353
352
346
349
363
746
359
350
355
353
351
350
349
363
351
355
352
349
355
365
361
366
360
352
363
192
377
337
2886
1196
4065
3009
557
641
178
1686
532
421
549
1612
3221
1793
13
3872
6937
628
793
793
20
769
6
769
1941
64
63
196
635
319
101
76
94
16
165
1324
169
208
616
3097
367
604
367
77
160
243
911
975
1580
2294
1286
4432
658
710
728
742
931
2428
771
756
974
1847
717
1956
679
805
1039
654
658
2523
2928
2444
1392
697
1066
1544
653
1129
650
1352
1797
644
1666
910
1153
812
984
686
983
883
702
1203
1792
699
1029
1505
1920
1180
2243
719
1964
637
764
720
902
1105
1245
1171
740
822
1534
1075
1118
886
1039
3195
1561
1226
944
1142
1459
1655
645
1006
1372
725
705
1976
701
1079
1602
1207
640
954
1189
1655
3106
699
686
1323
1559
2794
726
1140
1727
3438
2555
1764
2047
956
812
1255
1605
486
1105
1166
702
702
689
908
685
1174
973
1530
721
873
661
795
1019
653
734
1219
1193
696
377
1173
1082
1104
615
1022
1177
788
377
1166
716
713
734
672
819
762
1475
971
680
719
1073
753
992
706
717
676
2044
670
1085
1590
984
973
1678
1869
629
838
1603
680
1194
947
1131
2420
672
820
1177
753
716
982
673
652
932
694
624
693
709
1634
647
697
362
570
1314
723
518
1020
934
1509
1855
690
735
1466
1212
1189
724
791
646
2162
2232
703
2366
1198
2133
647
776
3116
694
1020
686
729
669
687
668
697
1867
1294
1754
640
688
714
1314
710
1064
769
692
629
1136
911
679
673
705
734
705
1109
1559
642
1015
991
2647
688
723
745
1371
1559
1488
704
767
1541
902
994
698
551
1777
926
1254
2484
844
252
412
2443
722
753
573
551
237
691
981
1438
1490
2350
121
36
496
46
764
483
324
986
361
755
465
966
801
301
1671
2008
1163
249
783
872
311
211
368
746
1702
47
386
49
225
77
149
70
250
153
106
106
392
742
748
558
1011
1020
900
658
851
52
934
635
719
999
690
759
223
461
223
298
392
351
4977
1083
1395
805
16781
38
37
44
43
55
150
1083
587
361
40
614
305
368
439
1117
142
354
696
777
777
463
784
1060
690
646
354
726
735
624
475
223
2680
361
351
173
442
388
201
180
99
587
329
34
304
22
39
172
170
171
170
324
217
882
2638
174
225
4298
182
1043
243
245
445
167
72
883
329
167
268
152
141
80
137
111
733
144
102
101
72
271
240
278
62
72
221
289
262
143
116
125
119
146
419
514
219
346
405
572
508
682
2638
3080
22
3645
307
329
45
357
132
47
624
385
85
2942
65
606
249
230
243
53
379
31
122
31
243
82
1174
31
170
61
36
31
58
36
322
354
318
468
1306
1832
1029
485
61
150
105
1389
37
37
1385
868
33
31
1698
162
1940
196
35
641
36
546
817
36
979
2464
1288
1001
1272
2586
1989
1233
1327
292
2056
1571
193
1243
419
400
1213
33
523
237
11389
35
292
709
1047
71
1218
1610
1175
1084
567
1387
3070
591
858
930
895
1718
996
979
1099
684
1315
628
2192
2263
244
1483
801
1188
1164
1809
2281
275
459
51
51
1043
825
2731
904
958
1204
1157
326
910
334
459
33
495
664
805
474
317
111
1295
648
7953
1418
591
1723
1539
35
1629
727
1059
2286
680
967
354
43
35
41
37
57
62
150
51
35
35
35
41
125
37
387
44
26
351
66
26
28
43
238
41
35
41
73
109
73
122
35
257
124
390
829
37
45
839
44
353
101
304
93
57
93
46
2008
208
35
121
36
191
33
748
43
747
39
41
62
62
47
22745
51
47
31
31
2438
39
39
37
37
37
37
39
37
37
37
37
37
39
39
37
51
37
37
37
39
37
156
156
133
35
35
36
318
685
64
32
189
36
2347
306
80
110
794
604
152
686
444
131
223
365
1093
735
518
2293
1441
4062
1341
1202
1557
283
1503
924
1007
713
1125
1319
1824
1089
841
575
575
902
710
1547
663
618
74
768
271
607
273
92
3189
623
287
66
3
31
31
769
297
261
266
148
77
280
954
213
888
3764
57
2617
607
0
354
2
982
391
159
195
185
169
210
195
337
0
59
77
362
220
1274
220
174
0
490
0
135
8
2056
0
321
226
289
197
218
236
267
51
167
134
181
161
182
193
72
160
255
136
139
205
164
157
197
417
169
197
169
214
440
225
132
161
470
9
134
168
140
154
147
142
209
193
187
137
142
130
154
203
150
151
681
203
186
174
149
155
132
313
169
1428
483
293
160
955
538
269
436
260
1955
836
30
543
1224
2273
243
262
249
202
546
1058
1165
323
2310
1490
179
56
524
429
1327
327
164
2471
368
85
256
397
1416
592
116
501
358
967
1462
345
344
185
321
264
85
100
898
215
3756
22
85
2647
85
488
302
841
559
415
105
93
517
246
34
34
280
179
368
107
158
586
555
142
213
213
360
455
48
142
235
3315
434
139
331
302
336
142
234
465
397
875
575
764
641
393
486
641
570
794
587
156
218
340
209
504
297
421
861
611
139
1283
504
140
504
569
979
592
112
1975
203
261
1909
232
1985
1509
2322
2281
2962
1413
1505
1494
1515
946
1873
1919
1857
1959
1350
1919
2502
1516
1990
2077
2170
1508
130
4001
1399
3062
125
213
0
431
347
126
1827
271
556
1130
1030
390
1094
574
308
495
653
922
1284
827
881
647
2146
1048
589
1849
581
3984
797
644
83
70
5096
444
1954
342
644
178
185
1090
190
292
446
207
1093
74
179
678
438
573
110
144
229
447
180
125
157
332
478
267
223
569
1176
1440
1235
861
937
955
1036
951
360
342
339
3661
368
368
1145
111
156
157
172
578
75
748
27
49
37
39
557
160
483
300
430
400
374
403
305
436
340
430
402
432
444
429
446
355
0
37
223
2900
0
0
0
0
0
0
0
0
56
101
574
223
1627
5094
4025
526
1116
225
1155
392
775
66
71
47
244
448
349
537
533
990
872
713
726
419
560
668
496
216
642
681
301
1433
48
769
484
420
2408
734
571
348
724
244
594
919
706
1049
721
662
613
825
127
1428
669
439
427
479
400
147
198
309
1475
514
1291
1380
1574
376
2306
23
19
40
41
48
29
33
27
27
30
27
25
28
50
36
37
34
29
36
38
31
30
34
37
37
46
43
41
38
54
42
46
30
34
31
36
42
41
36
35
43
37
46
32
32
40
38
34
46
37
45
40
41
49
43
40
31
55
44
43
48
57
42
57
34
43
39
54
102
100
133
107
107
2760
93
1339
2548
357
2548
133
30
4
463
293
1835
627
1064
215
138
125
223
230
506
69
1338
110
1532
33
26
9
166
30
75
175
2499
46
282
39
78
39
5601
66
1924
236
56
12
435
86
1242
641
641
524
77
988
2994
759
988
1112
990
279
1729
1079
18
943
383
1325
897
1178
124
93
267
150
10
9
284
437
197
580
619
2367
1895
453
162
72
538
122
2006
48
453
979
524
1239
203
781
934
971
1744
881
901
909
1580
911
739
1560
1430
1462
660
808
627
727
663
864
876
799
658
699
811
651
802
733
680
795
660
718
732
712
803
1025
637
677
624
671
675
712
722
659
796
681
924
893
775
699
791
844
713
725
675
671
765
772
674
718
762
795
708
665
722
1449
808
1049
775
226
1572
1061
1507
1790
1542
1060
1676
1643
862
711
714
736
695
675
1636
733
860
1007
1126
1007
861
690
663
1443
1022
701
693
725
687
764
748
671
743
736
1924
776
1101
1065
1621
779
437
504
615
326
55
999
1353
893
6
203
266
137
529
888
1057
1535
780
1039
1085
815
1125
5031
36
2783
5142
5031
62
15631
6860
10806
59
5080
1057
679
713
1057
1154
877
1492
739
653
1065
822
1142
1472
672
764
707
672
1888
903
1619
655
752
630
1629
1169
1535
671
725
769
785
687
1435
676
1310
1150
1096
884
689
1617
955
1229
1630
965
2548
1507
1057
1120
679
883
764
2307
658
1552
719
923
1465
839
1211
673
1078
875
1431
273
660
1468
618
647
801
1666
621
700
836
1326
1257
723
996
708
718
703
712
702
676
762
684
1715
682
676
1071
729
707
738
673
1384
864
706
1010
660
1206
1601
1911
831
837
1419
989
701
610
1577
1573
748
694
742
1379
777
832
644
1405
713
1011
1325
701
1017
1079
719
706
865
662
1398
1837
695
662
695
740
1573
717
1468
1223
1511
736
1087
1509
637
1510
1493
806
1590
769
704
705
1038
710
707
1125
700
699
2781
688
1572
770
699
1386
847
688
978
1490
702
1443
701
1887
1925
1726
750
672
715
643
1323
1285
1624
694
1641
643
1231
702
1500
755
1123
800
659
677
726
1636
671
1206
687
917
649
812
674
703
764
884
1209
1443
1680
1462
663
1092
1020
913
1393
1478
1026
1810
1146
1423
1278
1744
672
3047
674
1098
1408
1535
1329
952
1639
781
893
1077
1032
1558
1417
1570
750
1173
1380
1204
1253
950
1510
1180
1722
790
910
1139
1177
1111
880
786
1243
1097
958
926
926
1064
1344
1103
1234
960
781
1428
1477
999
979
1073
1360
1454
1879
1952
719
1046
1024
462
327
613
374
373
375
969
491
536
615
560
491
541
568
754
476
1172
741
994
949
1105
890
809
1019
975
1308
917
1161
848
454
1070
1165
1001
1187
942
1062
1232
1011
822
1045
1106
530
531
506
550
940
426
663
992
3189
1084
923
1396
470
891
1074
1427
981
1206
1169
845
1088
999
1268
1223
1089
1282
1162
1006
781
1076
521
702
630
1111
660
3190
492
3190
856
468
1032
886
1148
1095
843
397
990
936
1054
419
2327
32
659
10729
964
431
1046
481
708
721
718
704
809
1156
476
842
1820
1680
1716
1463
1906
1561
1594
1511
1560
1798
1462
1616
1642
1412
1549
1485
1669
1476
1747
1476
1437
1669
1706
1442
1634
1406
1458
1633
1737
1614
1614
1536
1545
1578
1470
1535
1550
1495
1426
1472
1555
1632
1479
1376
1537
1535
1572
1641
1576
1632
1840
1757
1347
1607
1528
1645
1580
1561
1505
1589
1588
1340
1319
1269
1912
1497
1664
1492
1480
676
549
1820
549
2209
272
462
2209
1566
395
409
64
428
9
1459
628
695
688
1281
753
973
914
263
886
791
285
1122
360
258
1145
289
260
530
515
1023
2
1132
110
284
537
11
1069
160
2326
1025
608
836
219
572
332
245
247
265
24
41
24
261
24
249
259
24
257
24
215
206
24
206
24
186
193
326
322
324
347
325
208
318
202
384
229
253
310
288
24
211
242
260
231
188
256
210
321
208
356
339
270
269
252
307
194
260
185
244
263
289
201
496
218
405
97
7691
881
92
2979
92
94
522
107
24
894
94
2075
94
0
354
2671
667
94
109
24
2276
2747
669
46
2747
156
351
209
7
151
87
1106
315
2
255
52
36
355
52
11814
5778
78
1114
946
3
668
1282
3
944
929
709
64
286
53
40
42
164
136
95
840
1611
64
43
1777
607
607
608
12
604
771
661
547
111
959
3189
2308
197
214
538
183
224
188
143
424
300
58
11
940
1480
240
212
332
1163
275
536
288
1251
720
711
1254
85
574
103
135
133
192
132
130
3998
344
479
60
2042
501
627
823
343
1027
674
615
600
448
462
607
394
399
531
395
787
607
1913
348
1848
306
311
264
320
566
131
574
739
3136
451
702
775
506
711
3
650
321
1297
757
55
42
312
348
82
46
56
70
580
392
3883
33
427
5056
161
534
468
489
527
333
430
356
641
298
492
652
742
468
426
484
478
319
385
946
382
461
804
167
819
448
2548
2548
653
792
561
804
1086
1416
1416
73
304
1355
713
468
504
0
1625
488
63
28
194
40
0
98
0
48
400
536
778
0
33
70
73
0
0
521
1383
0
773
90
2105
10598
120030
120011
72
16433
3542
52584
0
0
55
227
65
195
92
103
77
65
55
55
543
2762
1383
563
4813
87
0
648
263
194
201
187
638
99
0
1132
55
102
6217
0
0
0
133
782
55
661
257
488
5184
1626
135
102
62
913
0
0
0
0
816
39
1017
1383
4946
96
74
90
97
0
1988
106
596
537
463
122
639
302
1480
235
2209
1676
914
970
289
240
633
278
6381
1908
21373
1908
483
889
575
906
954
378
133
267
200
367
168
318
103
520
578
71
496
869
430
436
286
342
1035
722
327
410
455
126
966
400
22
483
983
1326
1295
13430
222
595
184
1345
2120
318
318
817
1458
1446
2218
126
799
227
1196
43
1639
617
430
501
210
1537
224
156
3756
245
214
4062
101
288
833
412
873
1051
515
835
128
1439
969
871
287
825
14
676
636
481
898
557
14
13
13
43
14
549
882
1344
492
979
1071
1216
1178
1219
918
1261
1281
842
1028
1286
656
498
477
1070
422
258
345
1337
585
130
59
273
550
189
295
1414
245
1523
1425
316
764
483
531
284
437
356
622
566
451
